0 9 13 16 40 45 46 51 
7 16 17 24 31 39 
5 18 24 27 29 46 
13 16 19 50 59 60 
6 12 20 23 26 27 34 50 
13 21 28 30 34 45 49 54 
10 22 35 40 46 54 
7 10 22 23 49 50 57 59 
13 14 18 27 29 38 59 62 
4 12 14 25 36 53 58 60 
1 2 5 15 20 23 34 61 
3 26 33 43 45 47 55 62 
11 20 24 26 28 31 35 60 
4 15 17 22 29 43 
1 4 10 30 53 57 
5 9 22 29 39 42 52 63 
6 15 23 32 38 42 44 46 
19 24 27 31 37 52 
15 19 20 30 37 38 40 54 
9 14 19 22 27 33 49 57 
1 2 35 36 38 40 52 55 
9 16 20 28 53 56 
32 33 40 44 47 57 61 63 
8 17 23 32 50 52 54 56 
1 4 7 11 19 26 38 51 
4 11 26 41 50 61 
14 15 27 30 48 50 
5 6 8 9 23 41 51 53 
10 21 36 39 43 48 59 60 
0 5 8 16 18 26 34 60 
2 3 21 40 41 48 56 62 
18 34 37 42 
17 24 25 31 41 47 
1 6 9 25 36 48 49 56 
12 20 25 32 37 45 47 58 
1 6 7 14 21 33 53 60 
2 3 12 21 25 28 32 63 
11 12 18 25 28 44 59 63 
0 33 38 46 47 55 56 62 
8 17 28 44 51 55 58 61 
6 13 15 47 49 52 56 57 
12 22 30 33 37 51 
5 7 16 24 39 42 46 54 
2 35 39 54 58 63 
11 13 14 18 19 21 37 52 
3 11 32 34 42 44 49 61 
0 2 17 30 51 57 59 61 
0 63 
4 7 39 42 43 44 53 63 
