3 4 11 12 15 17 18 20 22 25 26 28 30 32 33 35 38 39 41 43 45 46 48 53 54 55 57 58 59 60 61 62 63 64 67 68 69 71 73 74 76 78 81 84 85 87 88 92 93 94 95 96 97 98 99 103 105 106 107 108 109 111 113 114 116 117 118 119 122 124 126 128
2 4 7 9 12 14 16 17 19 20 21 23 25 26 28 33 34 36 38 39 40 41 47 48 49 54 56 57 59 61 62 64 66 67 68 70 71 72 73 76 83 84 85 87 90 91 95 96 97 99 100 102 104 105 106 109 111 114 116 117 120 121 124 129
0 2 6 7 9 16 17 19 22 24 25 26 27 29 30 31 32 33 34 36 38 40 43 46 53 55 57 60 64 65 66 68 71 74 75 77 79 81 83 85 86 87 90 92 93 94 95 96 102 103 106 110 111 114 115 116 118 120 124 126 127 130
0 1 3 4 7 8 9 10 11 12 14 15 16 19 24 26 27 28 30 31 35 39 40 43 44 48 49 51 52 54 57 58 59 60 61 64 65 66 71 73 78 80 81 82 85 88 89 92 95 102 104 105 106 108 109 110 112 113 114 115 118 120 121 123 124 125 127 131
6 7 8 10 12 13 14 16 27 29 30 31 32 34 36 37 38 42 43 44 45 46 47 50 51 53 57 58 60 63 64 65 67 69 70 71 73 74 76 78 82 83 84 89 90 91 92 95 97 99 101 103 106 107 113 114 116 119 121 122 123 125 127 132
0 1 4 6 8 12 13 14 16 18 19 20 21 22 26 29 32 35 37 38 39 40 44 45 48 49 51 53 54 55 57 59 62 63 66 67 69 70 71 72 73 75 79 80 82 86 87 90 92 93 95 98 100 101 106 108 110 111 112 114 117 119 122 126 127 133
0 1 3 5 7 12 17 18 20 22 23 24 25 26 27 28 32 37 42 45 46 49 50 53 57 58 59 60 63 64 65 68 71 72 73 75 76 77 79 80 82 85 90 92 93 94 95 98 100 101 103 104 105 109 111 112 115 116 117 118 120 123 126 134
1 2 3 4 5 6 9 10 12 14 16 18 19 20 21 23 24 25 32 33 34 35 38 39 41 42 44 45 46 47 50 52 53 55 56 57 58 60 62 65 66 67 70 72 74 75 81 82 83 84 88 89 90 91 92 93 94 96 97 99 102 103 104 109 110 111 118 119 120 121 123 124 127 135
2 3 5 6 9 10 12 16 18 19 22 26 33 34 35 36 41 42 43 45 49 50 55 56 58 59 61 65 66 67 68 71 72 74 75 76 81 83 84 88 92 94 97 99 100 103 104 107 108 110 111 113 117 118 119 121 125 136
1 2 3 5 7 8 9 13 24 27 28 29 33 35 38 39 44 50 51 52 53 55 56 57 59 64 67 68 69 70 72 73 75 83 84 86 91 92 93 94 103 109 110 115 118 119 120 121 123 126 127 137
0 2 4 6 11 12 15 17 19 21 24 25 28 29 31 32 34 36 37 40 41 42 43 44 47 48 49 51 52 55 58 60 64 65 68 70 71 73 74 75 77 80 83 84 88 90 93 95 101 103 104 106 107 108 112 113 115 116 118 121 123 124 127 138
0 1 2 4 5 7 9 12 14 16 17 18 19 20 21 22 23 24 25 26 28 30 32 35 39 41 42 43 44 45 46 47 48 49 50 51 53 54 57 59 61 62 64 66 68 69 70 71 73 74 75 77 79 81 83 87 91 92 94 99 101 102 104 106 107 108 114 115 116 117 119 120 125 139
1 2 6 10 12 13 16 18 21 28 29 32 34 35 36 37 39 40 42 43 46 48 49 50 51 52 53 54 56 57 60 61 62 63 65 66 68 71 72 73 76 78 81 82 83 84 85 90 98 99 100 101 102 103 112 113 114 118 119 121 124 125 127 140
0 1 2 4 11 12 15 17 19 21 22 23 24 25 26 33 37 38 39 40 44 45 46 47 49 50 51 52 57 59 60 61 62 63 64 65 68 69 71 73 74 77 80 81 82 86 90 92 98 100 102 103 104 106 108 109 111 114 117 122 123 124 127 141
0 2 3 5 6 7 8 11 14 15 17 19 25 26 27 29 30 36 37 38 39 40 41 45 48 49 50 52 57 58 60 62 64 65 66 68 69 71 72 74 81 82 89 90 91 93 94 99 101 102 103 104 106 108 110 112 113 114 119 122 123 124 126 142
2 3 4 7 8 10 12 13 14 15 17 18 19 22 24 26 27 29 31 35 42 43 44 46 51 53 54 56 57 58 59 61 63 64 65 66 68 69 76 77 78 81 82 83 88 92 94 99 102 107 108 109 110 112 113 115 120 121 122 123 125 143
2 9 10 13 14 15 18 19 21 22 25 26 27 28 31 33 35 38 39 40 41 45 47 48 49 54 58 59 61 64 65 70 73 76 77 81 83 84 85 86 87 90 93 95 99 101 102 103 104 105 106 108 109 116 118 119 122 124 125 144
1 3 4 5 6 11 12 13 14 15 17 19 20 22 28 31 32 37 41 44 45 46 47 49 53 54 56 57 61 67 69 71 75 77 81 83 85 86 87 89 91 96 98 99 102 105 106 107 109 110 111 113 114 115 117 120 124 145
0 2 4 5 6 8 10 13 15 18 20 21 22 23 28 32 33 34 38 42 43 44 45 47 50 53 54 55 57 58 62 63 64 65 66 70 77 78 79 80 81 82 84 85 88 89 92 97 98 99 100 101 102 103 106 107 109 111 115 118 119 121 122 124 125 146
2 6 9 10 12 16 19 21 22 23 25 26 28 29 30 31 34 38 39 42 44 45 47 48 51 52 55 56 57 58 61 63 69 71 73 75 76 77 78 79 80 84 85 91 93 94 98 100 105 106 109 111 112 114 116 117 118 120 122 123 124 126 127 147
1 2 7 9 10 13 15 16 17 18 19 20 21 22 27 28 33 34 35 36 37 38 39 41 42 46 48 49 50 51 56 57 58 64 67 68 70 71 72 75 78 79 81 86 87 89 95 97 99 101 104 106 108 113 119 122 123 125 126 148
0 1 2 3 15 16 18 26 27 28 32 33 37 43 44 45 49 52 53 54 56 60 61 63 64 66 68 69 71 73 78 81 84 85 86 87 88 90 91 95 96 97 101 102 105 106 108 109 110 111 112 113 117 119 121 122 123 124 127 149
2 3 5 6 10 11 12 13 15 16 17 18 21 22 24 25 29 30 31 33 34 35 36 37 38 45 48 54 58 60 64 65 67 69 70 71 72 75 77 78 80 81 82 84 85 89 90 91 92 94 96 97 98 100 102 107 112 115 116 118 121 124 127 150
0 1 2 3 4 5 13 15 16 17 18 19 20 21 22 23 26 27 29 31 32 34 37 38 39 42 43 45 47 50 52 53 56 57 59 63 64 68 69 70 71 74 75 76 78 81 85 87 88 90 91 94 96 100 101 104 105 106 107 108 110 112 113 114 115 117 118 120 124 151
0 1 3 7 11 13 14 17 24 25 35 37 38 41 42 44 45 46 48 50 51 52 53 54 57 59 65 66 67 68 69 72 75 79 80 82 83 89 90 92 93 95 97 99 100 102 104 105 109 110 111 112 113 114 115 116 118 122 124 125 127 152
0 1 2 6 8 10 11 12 13 14 15 16 17 18 22 23 27 28 30 31 35 36 37 39 41 42 43 44 47 53 54 58 59 63 67 69 70 73 74 75 76 79 80 82 84 86 87 88 90 91 92 94 95 97 98 99 100 103 105 107 109 110 113 114 115 118 119 120 122 123 127 153
2 6 9 11 12 15 16 18 20 21 22 24 25 26 28 30 31 33 36 40 41 42 43 45 46 47 50 51 55 56 57 61 65 66 68 71 72 73 74 76 77 79 80 86 88 90 91 92 101 105 109 113 117 120 121 122 124 125 126 154
1 2 4 6 7 9 10 15 17 18 21 23 24 25 27 29 31 33 34 35 36 37 38 39 40 41 42 43 45 46 52 55 57 58 61 65 67 70 71 72 74 75 76 77 80 82 84 86 88 89 90 92 93 94 95 97 100 101 102 103 105 107 111 112 113 115 120 121 122 124 125 126 127 155
1 2 4 5 8 10 11 12 14 15 16 17 19 21 22 24 26 27 28 29 30 34 35 36 38 41 42 44 46 47 48 49 52 57 59 60 64 65 69 74 76 78 79 80 81 82 83 85 88 89 90 92 94 95 99 100 102 104 105 106 108 109 110 111 113 114 115 120 127 156
0 1 2 3 7 8 9 11 13 14 20 23 24 26 28 29 30 32 33 35 36 38 39 40 41 45 51 52 53 54 56 58 61 67 69 70 71 75 78 79 80 84 85 87 89 90 96 98 99 101 102 103 104 106 107 108 113 114 116 117 119 120 121 125 126 157
0 1 3 6 8 9 10 19 20 22 24 25 26 27 29 34 38 40 42 43 44 45 48 52 53 54 55 58 61 62 63 66 67 68 69 71 72 73 80 82 83 84 87 88 90 91 96 98 99 100 102 104 105 106 107 108 110 111 113 115 116 118 119 120 121 122 123 125 127 158
0 3 4 7 8 10 13 14 18 19 20 21 22 23 25 29 30 31 34 36 37 38 45 46 47 50 51 52 54 55 56 58 60 63 66 68 69 70 71 73 78 82 83 85 86 90 93 94 95 96 97 98 106 107 108 111 112 113 114 116 117 118 119 120 125 159
0 1 3 4 5 6 9 11 17 20 21 23 24 25 26 29 31 32 34 38 40 42 43 47 49 50 53 57 60 61 62 65 66 68 72 75 77 78 80 83 87 89 92 94 95 96 98 100 105 107 109 112 114 115 120 123 127 160
1 2 5 7 8 14 15 16 17 19 22 24 27 30 33 35 36 38 39 40 42 43 44 45 47 48 49 52 58 62 64 66 67 68 69 70 74 75 76 77 80 81 82 83 86 90 92 95 96 97 99 101 102 103 105 106 111 113 115 119 120 123 127 161
7 10 11 12 13 17 24 27 28 29 32 34 36 39 40 41 43 44 45 46 47 49 52 54 55 56 57 58 59 62 63 65 66 69 70 71 73 75 76 80 82 83 84 85 86 91 93 94 95 98 101 104 105 107 108 109 110 117 120 124 126 162
0 1 2 5 7 9 11 12 15 16 21 23 24 25 26 27 30 34 39 42 44 45 49 51 53 55 56 57 59 63 65 66 67 68 69 70 71 74 75 76 77 80 82 85 86 87 91 92 94 95 96 97 98 104 106 108 113 114 118 121 123 125 127 163
1 3 5 9 10 15 16 19 20 24 25 28 29 30 31 33 36 39 41 42 44 45 50 51 53 57 58 60 61 62 63 64 65 66 67 69 70 71 73 76 78 79 80 81 82 84 86 87 88 91 92 95 97 98 99 102 106 107 108 109 111 112 115 118 119 120 123 124 126 164
2 3 7 8 9 10 11 12 16 17 18 21 24 25 26 27 28 30 31 32 34 37 38 39 45 46 50 54 58 59 60 61 62 64 65 67 68 69 70 71 75 76 77 80 81 82 83 85 86 87 88 89 90 93 97 100 102 103 104 106 112 116 124 126 127 165
0 1 4 6 7 8 9 10 15 16 18 22 25 27 28 29 30 32 36 37 38 39 40 41 43 44 45 47 49 50 54 56 57 60 61 63 68 69 73 76 78 79 80 81 82 84 85 86 88 90 91 92 93 96 97 99 102 104 105 106 107 108 109 110 111 114 115 120 122 123 124 126 127 166
0 2 4 5 8 9 10 11 16 18 20 21 22 24 25 26 28 30 34 36 37 38 39 40 41 48 50 51 52 53 55 58 59 61 62 64 66 74 76 77 83 84 85 86 91 95 97 103 104 106 107 109 113 115 116 117 120 121 124 125 126 167
0 1 7 9 11 12 14 20 21 22 25 26 27 29 31 33 34 35 36 38 39 43 45 46 47 49 53 55 56 58 61 63 64 65 66 69 75 76 80 81 82 86 87 89 93 94 95 96 98 102 103 108 109 110 112 115 117 118 119 120 121 126 127 168
1 3 4 7 8 9 10 12 13 14 20 21 24 25 26 27 28 31 32 34 35 36 37 38 39 41 45 46 48 49 50 52 54 55 56 57 58 59 62 64 66 69 71 76 77 78 80 84 86 87 88 89 90 91 93 94 95 96 98 99 101 104 106 107 108 110 113 118 123 125 126 169
0 3 5 7 8 9 12 13 18 21 23 24 25 29 32 33 35 37 39 40 42 43 44 45 46 47 56 57 58 59 61 62 64 66 68 69 70 71 75 76 79 81 82 84 85 86 87 89 90 94 96 98 100 101 102 104 108 111 114 115 116 118 120 122 123 125 126 170
0 1 4 5 8 10 11 14 15 16 19 22 23 27 28 29 30 31 35 39 40 41 45 47 50 54 56 57 58 59 60 62 63 64 69 75 76 78 79 81 84 86 87 92 95 96 97 98 100 102 103 107 108 109 110 111 112 113 115 117 118 119 120 121 126 171
1 3 4 5 11 12 18 22 23 24 26 27 29 33 34 38 39 41 42 44 45 46 48 49 51 53 54 55 56 57 58 59 60 61 62 64 68 69 70 71 72 78 83 85 86 87 88 96 97 100 104 107 108 109 115 117 119 120 122 124 125 126 127 172
1 2 3 4 6 7 10 11 17 20 22 25 30 31 33 34 35 40 42 43 47 50 51 52 53 55 57 58 59 60 63 64 65 66 68 71 72 76 78 82 83 85 87 88 89 95 98 99 100 102 106 107 108 112 113 114 115 119 120 121 123 125 127 173
0 1 2 6 7 13 17 18 21 25 27 31 32 35 42 46 56 57 58 59 61 62 64 65 66 72 73 77 78 80 81 82 83 85 90 92 94 95 96 98 99 102 103 104 105 109 110 111 113 114 116 119 120 122 124 126 127 174
0 1 3 4 7 9 10 14 15 18 20 22 24 27 29 33 34 35 38 43 44 45 48 52 55 57 59 60 61 62 64 65 72 73 74 78 82 84 86 89 91 95 96 97 98 99 101 104 107 110 115 117 118 122 123 124 127 175
0 1 4 7 8 9 10 12 18 19 20 23 27 28 29 30 31 32 38 39 40 41 43 45 46 49 54 57 58 61 62 65 67 70 71 72 73 74 75 76 81 82 83 84 85 91 93 95 96 101 104 110 112 113 116 118 119 120 121 122 124 125 127 176
0 2 3 5 7 8 9 10 12 13 15 16 17 18 21 22 24 26 28 29 32 33 34 35 37 38 40 41 44 46 47 49 50 51 56 62 63 64 66 67 68 70 71 74 77 79 80 81 82 85 88 89 92 95 96 100 107 115 116 118 119 120 122 124 127 177
7 8 10 11 13 14 15 16 17 21 23 24 27 31 32 33 35 37 38 39 41 43 46 47 52 61 69 70 72 73 75 76 77 78 79 82 84 86 87 88 90 91 93 94 96 98 99 104 106 112 113 114 118 119 127 178
0 1 2 3 5 6 7 8 9 12 13 15 17 19 20 21 22 24 26 27 29 30 32 33 34 36 39 40 42 46 48 51 52 53 58 60 62 64 65 68 69 70 75 76 79 80 81 83 85 86 87 91 92 93 95 97 98 102 103 104 106 107 111 114 115 116 117 122 126 179
0 3 4 6 8 11 13 15 17 20 21 22 23 24 25 26 27 30 32 34 37 38 39 40 42 46 48 51 53 54 55 57 59 61 63 65 67 68 69 76 79 80 82 83 84 85 86 87 89 90 91 95 96 97 98 100 102 103 104 105 106 108 111 113 114 117 120 122 123 124 125 180
1 2 4 5 8 9 10 16 17 21 22 24 26 28 30 31 32 33 35 36 37 38 40 41 42 44 45 46 47 48 49 52 53 57 58 59 60 61 62 70 74 82 84 85 88 89 94 101 102 103 105 106 108 109 111 112 114 115 117 118 119 120 121 122 123 124 126 181
3 4 5 8 9 11 12 14 18 23 26 27 29 35 36 40 42 43 44 45 46 49 50 52 53 54 55 58 59 62 63 64 67 70 72 75 77 78 80 81 83 84 85 90 91 93 94 95 96 97 98 101 102 103 104 105 106 108 109 111 112 115 119 120 122 125 127 182
0 2 3 4 5 6 9 11 12 13 17 21 22 24 30 33 36 38 39 40 41 42 47 49 50 53 54 58 60 61 64 67 68 69 71 73 76 78 79 82 83 85 87 89 91 95 96 97 99 100 102 103 105 107 108 109 112 113 115 116 118 119 120 122 125 126 127 183
1 3 4 9 11 12 15 19 20 22 26 29 30 31 32 33 35 37 41 44 46 52 57 58 60 61 65 66 67 70 71 72 75 76 77 78 79 80 82 84 85 86 87 88 91 92 94 95 97 99 100 104 105 108 109 110 111 112 113 116 118 119 120 121 122 123 124 184
0 1 3 6 7 9 13 15 16 17 19 21 23 26 29 32 33 35 37 40 41 42 43 44 47 49 50 51 52 53 55 58 59 62 63 64 65 66 70 72 73 75 79 80 81 86 87 88 89 91 94 99 101 102 103 104 110 111 112 113 114 115 116 117 119 123 125 185
2 3 5 8 9 10 13 14 15 17 18 23 25 26 29 31 32 33 39 42 44 49 52 53 54 57 61 63 66 67 68 70 71 74 77 78 79 80 81 82 84 87 88 89 91 96 99 101 104 105 107 109 111 113 114 116 118 122 124 125 127 186
0 1 3 5 7 10 12 14 15 17 18 19 22 23 24 25 27 28 32 34 36 37 39 40 44 46 49 50 54 56 57 58 62 65 69 71 72 73 74 76 78 80 81 84 91 92 93 96 100 102 103 104 105 106 108 110 112 113 115 120 123 125 127 187
1 2 6 7 8 12 13 14 22 24 29 31 32 33 35 36 39 41 42 43 47 49 50 51 52 54 55 57 64 65 66 67 68 71 74 75 77 80 81 84 85 88 92 94 95 99 101 102 103 106 107 108 109 111 113 114 116 117 120 122 125 126 127 188
0 1 3 5 6 7 8 11 12 13 14 15 16 21 22 23 25 26 27 28 31 32 37 39 41 42 43 44 49 50 51 53 55 56 60 61 62 63 64 65 68 69 70 71 73 78 79 80 82 85 87 89 90 91 92 96 97 99 101 103 104 106 111 114 115 119 121 122 123 124 126 189
2 4 9 10 11 14 15 16 17 18 21 24 26 28 29 30 31 33 34 38 40 41 42 45 46 48 50 52 53 54 55 56 58 59 65 66 67 70 75 77 79 85 86 87 88 91 93 95 98 101 105 106 108 109 110 111 112 113 114 115 116 118 120 121 123 124 126 190
3 4 5 7 8 9 10 12 13 14 17 19 20 21 23 26 28 30 31 34 35 37 38 40 42 45 46 47 50 53 54 56 58 60 61 63 65 66 67 70 73 74 76 78 80 81 82 84 86 87 88 91 92 93 96 97 99 100 102 103 104 105 108 109 110 112 114 116 118 119 120 121 122 191
0 2 3 4 5 6 7 9 11 15 16 17 18 19 20 21 23 25 28 29 30 31 32 35 37 41 42 43 45 46 47 50 57 62 65 67 68 71 72 73 74 75 80 81 83 84 87 88 91 92 93 94 96 97 100 108 110 112 114 115 116 118 119 121 122 124 125 126 127 192
0 1 3 5 6 9 10 11 12 13 14 16 17 18 19 20 21 24 26 28 32 33 34 35 44 46 47 56 57 58 59 62 63 64 72 73 75 76 77 79 83 87 89 90 91 93 95 96 97 98 99 100 101 102 103 104 106 107 111 115 116 119 120 125 127 193
2 5 6 7 11 13 16 19 21 22 23 25 26 28 29 30 31 33 34 35 37 40 41 42 43 48 52 55 56 57 58 60 64 67 69 70 71 73 76 79 80 82 84 85 86 88 89 90 95 96 98 102 105 107 110 114 115 119 120 121 124 125 126 194
0 1 3 4 7 8 10 11 12 13 14 16 17 19 20 24 27 28 29 30 33 34 37 39 40 41 42 43 44 45 46 48 49 50 54 55 56 58 59 60 61 63 64 65 66 67 71 73 74 75 76 77 78 80 82 83 84 90 93 95 96 97 98 101 103 105 106 107 110 111 114 115 117 121 122 124 125 126 127 195
3 5 6 7 9 11 12 14 15 22 23 24 25 28 30 32 34 39 40 45 47 49 51 52 55 60 63 66 69 70 72 73 74 75 76 77 78 80 85 95 98 99 100 101 103 106 108 109 110 111 114 117 118 120 123 124 125 126 127 196
2 3 5 6 7 8 9 10 11 12 13 19 20 23 25 26 32 34 36 37 39 41 44 46 47 48 50 53 55 57 59 61 65 66 68 71 73 74 80 81 83 85 87 89 90 91 97 98 99 104 106 107 108 111 112 113 119 121 127 197
3 4 8 12 14 17 18 19 23 24 25 26 28 31 36 40 41 42 44 48 49 50 52 53 54 55 56 57 58 59 60 61 63 66 70 71 73 74 75 78 80 82 83 85 88 90 94 95 103 105 109 110 111 113 116 117 125 126 127 198
1 2 4 5 10 15 16 18 19 20 21 22 23 26 30 35 36 37 38 40 41 42 45 46 47 50 51 52 53 54 55 56 57 58 61 62 63 64 65 67 68 70 71 74 76 78 79 80 81 82 83 84 87 89 90 92 94 95 96 97 102 104 105 108 109 111 112 116 117 118 121 123 126 199
0 1 2 3 4 5 6 7 8 9 10 13 20 24 25 26 29 30 31 33 34 35 40 43 44 45 50 51 53 54 58 60 61 62 64 66 67 68 71 73 74 77 78 86 88 89 95 96 97 98 102 104 107 112 116 118 119 122 123 124 127 200
1 2 3 5 7 8 9 12 13 14 15 18 19 21 22 24 25 26 27 28 30 33 34 35 36 37 40 41 42 43 44 48 51 52 53 57 59 61 63 64 69 70 82 85 87 89 91 94 96 97 99 103 105 107 112 114 115 116 117 118 120 123 127 201
1 3 6 7 8 9 12 13 15 18 20 21 27 32 36 38 39 40 42 44 45 46 47 50 53 54 55 56 57 59 60 61 62 63 64 66 67 71 72 73 76 77 78 83 84 85 86 87 88 89 92 93 97 98 100 101 102 103 108 110 111 112 117 118 119 120 123 202
1 3 7 8 10 11 12 13 14 16 17 18 20 22 23 25 26 28 30 31 32 33 34 35 36 38 39 40 43 46 47 52 53 54 55 56 60 62 64 65 66 68 69 70 71 75 76 78 79 80 83 84 85 86 91 92 93 95 96 98 99 101 102 103 105 106 107 112 115 116 117 118 119 122 123 124 127 203
1 2 5 6 7 8 9 11 12 13 15 17 18 19 20 21 24 28 33 35 38 39 40 41 44 46 47 51 52 53 54 57 59 62 63 64 67 69 71 72 74 75 79 80 82 84 86 88 91 93 95 96 98 99 102 103 106 109 110 111 112 115 119 120 124 125 126 204
0 1 3 6 10 12 13 14 15 16 19 21 22 24 26 27 31 34 36 37 38 41 42 44 47 48 49 51 52 53 58 60 61 63 68 70 71 74 76 78 79 82 83 86 89 90 91 96 97 99 102 106 108 109 111 112 116 118 119 120 122 125 127 205
0 2 3 6 8 9 10 16 19 24 26 27 28 31 32 33 35 37 38 41 43 45 48 49 52 54 58 62 64 65 66 67 69 70 71 72 77 82 84 85 87 88 89 90 92 94 97 99 102 105 106 107 108 110 111 112 113 114 115 117 118 120 122 125 126 206
0 1 2 3 4 7 9 10 11 13 15 16 19 23 25 27 29 30 31 34 35 36 41 42 45 50 51 55 57 59 60 61 65 66 71 72 73 74 76 80 82 83 85 86 87 91 94 96 97 98 99 100 103 105 107 109 110 111 113 115 117 121 122 125 126 207
0 1 2 4 6 7 11 13 15 16 19 21 22 24 25 27 30 32 33 34 36 37 40 42 45 46 47 49 50 52 60 61 63 65 68 69 75 76 77 82 84 86 88 90 91 92 93 94 95 97 100 105 107 110 112 114 116 117 119 120 124 126 127 208
0 2 7 8 10 11 12 15 19 20 25 26 28 29 31 32 33 35 36 37 40 41 43 45 47 50 51 53 54 56 57 58 62 63 67 68 70 73 75 79 81 82 85 89 90 92 93 94 95 104 109 112 114 115 116 117 119 120 121 122 123 124 125 209
1 3 5 6 7 8 9 10 11 12 13 14 15 16 19 21 24 28 30 31 32 34 35 36 37 39 41 43 44 45 46 48 49 50 51 53 54 55 56 58 59 61 63 64 66 68 71 73 75 76 79 81 83 86 87 89 93 95 96 98 101 102 103 105 106 107 108 109 110 112 114 115 116 117 118 120 121 124 126 210
0 2 3 4 5 7 8 10 13 14 15 19 21 23 26 27 28 30 31 32 33 36 38 40 42 43 44 45 47 50 51 53 55 57 59 61 62 66 70 71 72 74 75 84 85 86 88 89 92 93 94 97 99 101 102 104 106 109 111 112 116 124 126 211
0 4 5 6 10 15 17 19 20 21 22 28 31 32 33 35 38 39 40 45 46 47 48 49 50 53 54 55 57 61 66 67 69 70 72 73 74 75 76 79 81 82 83 85 86 87 95 96 97 98 99 100 101 103 105 106 107 108 110 111 113 114 115 116 118 119 121 122 124 125 126 212
0 1 2 5 6 9 12 13 14 15 18 20 22 23 24 25 26 30 31 33 34 35 39 41 42 43 44 46 50 54 56 57 58 62 63 64 68 69 70 71 73 76 79 80 81 82 85 86 87 88 89 90 91 92 93 97 100 101 102 105 107 108 109 110 112 113 114 115 117 119 123 213
1 2 4 5 6 7 9 10 11 12 13 15 16 18 19 20 30 32 33 35 36 37 40 42 44 45 48 55 56 64 65 66 67 68 69 70 73 77 80 81 82 83 85 87 88 89 90 93 97 100 101 103 105 107 109 110 111 113 115 116 120 123 125 126 127 214
0 2 7 8 10 15 18 19 22 26 27 29 30 32 33 34 35 36 39 41 45 46 47 48 49 50 52 53 55 56 59 62 64 65 67 68 74 75 76 78 81 84 85 86 87 88 90 91 95 98 100 101 103 104 106 109 111 113 114 116 117 120 124 125 127 215
0 1 2 6 8 9 11 13 17 20 21 24 25 27 28 30 32 33 37 38 39 40 42 43 44 45 46 48 49 50 51 52 58 61 64 65 66 67 71 76 80 81 84 87 89 92 93 94 96 97 103 104 105 107 108 111 115 118 120 121 122 216
1 4 5 7 11 15 16 18 19 20 22 23 26 29 32 33 35 37 40 41 42 43 45 46 48 49 51 52 54 55 58 59 61 62 64 67 68 69 75 76 77 78 80 81 86 87 92 94 96 99 101 104 105 106 108 109 110 112 113 115 116 120 121 122 127 217
0 1 5 6 12 15 16 21 22 24 28 30 36 37 40 41 42 44 45 46 47 49 50 52 53 54 57 60 63 64 65 69 73 76 77 79 80 81 87 92 93 94 96 100 101 102 108 109 110 111 112 113 115 116 119 121 123 124 125 126 127 218
6 8 10 11 13 14 15 17 19 21 22 27 29 30 31 34 37 38 40 41 43 44 45 46 48 49 50 52 54 61 63 64 66 67 68 69 72 73 75 76 77 82 83 84 85 87 88 89 91 93 102 103 104 105 106 108 109 110 112 113 114 115 117 118 120 121 122 124 125 126 127 219
1 4 5 9 10 12 14 17 18 19 20 22 23 25 26 27 31 32 35 36 37 39 40 41 42 44 45 47 50 51 53 54 58 60 62 63 65 67 68 69 70 72 73 74 76 77 78 81 88 89 93 95 96 97 99 100 101 104 105 109 114 115 119 120 121 125 127 220
0 1 3 7 10 15 16 17 18 19 22 24 25 26 28 29 30 32 35 36 37 38 42 44 46 48 49 51 52 54 56 58 62 63 64 66 68 71 73 74 76 77 82 84 85 87 88 91 92 98 100 101 102 106 108 110 111 113 114 116 117 118 121 122 123 124 127 221
0 5 7 10 11 12 13 14 15 16 18 21 24 25 28 29 30 31 34 35 37 39 41 43 44 45 48 50 54 55 57 59 61 62 63 64 67 68 71 72 74 78 80 82 86 88 91 92 95 96 97 98 99 100 103 104 105 113 116 118 119 120 122 124 125 126 127 222
2 7 9 10 12 14 15 17 18 20 21 23 25 26 27 30 33 36 39 40 43 44 45 51 55 56 58 59 60 62 64 65 66 67 70 71 72 76 78 79 83 85 87 89 91 93 94 95 99 101 102 103 107 109 110 111 114 115 116 123 125 223
7 9 10 12 13 15 18 23 24 25 26 28 30 31 32 33 35 36 41 48 49 50 54 56 60 62 68 70 71 72 73 80 87 88 89 90 91 93 94 96 98 99 100 101 102 104 106 110 113 115 116 121 122 124 127 224
3 7 8 9 10 11 12 15 17 18 21 22 23 24 25 26 28 31 32 34 35 37 39 40 43 46 53 56 58 60 62 63 66 71 73 76 78 80 81 82 83 85 86 87 91 92 93 95 96 99 104 105 106 107 108 109 113 115 116 117 119 122 125 126 127 225
0 1 3 4 5 6 8 9 11 18 19 20 22 28 30 31 34 38 39 41 42 46 49 51 53 55 56 58 60 64 67 76 79 82 83 84 87 88 89 91 92 94 97 98 102 105 107 108 110 114 115 117 122 123 124 126 127 226
2 3 6 7 14 15 16 17 20 21 22 24 26 31 33 38 39 40 42 43 46 47 48 50 51 53 54 57 58 63 64 65 66 71 72 74 81 85 86 89 90 93 94 95 98 99 100 101 102 106 112 113 114 115 116 122 123 124 127 227
0 1 2 3 5 10 11 13 15 20 22 23 24 26 39 41 43 46 48 49 51 55 56 57 59 60 64 65 66 68 69 70 71 73 76 81 83 84 86 91 92 96 99 100 101 102 105 106 107 108 109 111 113 115 118 119 121 228
0 1 2 4 5 6 8 10 16 19 20 26 30 31 32 33 34 37 38 42 45 47 49 52 54 55 56 57 62 63 66 71 73 75 76 77 78 81 83 84 96 97 98 99 103 104 107 108 111 112 114 115 117 119 123 125 127 229
0 2 3 4 11 13 14 18 20 21 25 26 27 30 31 33 34 35 36 41 42 43 44 46 48 49 50 51 55 59 60 61 63 64 65 67 68 69 74 75 76 78 79 81 88 89 90 91 94 96 97 99 101 105 107 111 112 117 120 121 122 123 124 230
1 4 6 8 9 10 12 13 14 19 20 21 22 23 25 26 28 35 36 40 41 42 43 45 46 48 49 51 52 54 68 71 72 76 77 79 82 83 84 88 89 90 91 93 95 98 100 101 103 104 105 106 107 109 111 112 114 116 118 120 124 231
0 1 5 7 8 10 11 14 16 18 19 20 21 22 26 27 30 35 36 39 40 42 44 46 47 49 51 55 57 59 60 61 66 70 73 77 82 83 86 89 98 100 101 103 106 108 111 112 115 116 120 121 123 126 127 232
0 2 5 6 7 8 11 18 19 20 21 22 23 27 28 29 30 32 33 35 36 38 39 42 43 44 47 48 55 57 58 61 62 63 67 68 69 70 71 72 73 75 76 78 80 83 87 89 90 92 93 94 96 97 98 100 101 106 107 108 109 110 112 113 117 125 127 233
0 1 2 4 6 8 10 11 12 15 16 17 19 21 22 24 28 29 34 35 36 37 38 43 44 45 47 48 49 50 52 53 54 56 57 58 60 61 63 64 66 68 70 71 72 74 76 77 78 79 82 84 85 86 87 90 91 92 94 96 100 101 104 105 106 110 111 112 113 118 119 121 122 123 125 234
0 1 3 5 6 7 11 12 16 22 23 24 25 26 27 28 30 32 34 35 40 41 45 46 47 49 51 52 55 58 60 61 62 66 67 69 70 71 74 76 77 80 81 82 83 85 87 91 92 94 96 97 102 105 107 109 112 113 114 115 116 117 118 120 123 124 127 235
0 1 5 6 7 10 20 21 23 27 28 29 30 33 34 35 37 38 39 40 41 42 45 46 47 49 51 59 61 62 63 65 66 69 70 74 76 78 79 81 88 89 90 92 93 97 100 102 105 106 107 110 113 114 117 119 123 236
2 5 6 7 10 12 14 15 18 19 20 25 26 27 31 35 37 45 48 49 51 52 55 61 62 63 64 65 67 68 71 75 79 80 82 85 88 93 94 99 100 101 102 105 107 108 109 110 112 113 114 115 116 117 118 119 120 122 123 124 126 237
0 1 2 3 6 7 10 12 16 19 20 21 22 23 25 27 29 31 32 34 35 38 40 42 43 47 49 53 56 58 60 61 63 65 70 73 77 79 83 86 89 90 91 93 94 95 97 100 101 102 103 104 107 108 109 110 111 112 113 115 116 117 121 123 124 125 126 238
0 1 3 4 6 7 12 13 17 20 22 24 25 30 31 32 33 36 37 41 42 43 44 46 48 49 52 53 54 56 57 58 61 62 63 65 68 70 71 72 73 74 77 79 84 86 88 89 91 94 96 97 99 100 105 106 107 111 113 114 117 118 120 121 122 125 126 239
0 3 4 5 6 7 8 14 15 16 19 24 26 27 29 33 34 35 37 38 40 42 45 47 48 49 52 53 55 60 61 62 64 65 69 70 72 74 75 77 79 81 83 84 88 93 95 97 98 102 105 106 109 113 119 120 123 240
0 3 7 8 9 10 11 12 13 15 16 17 18 21 23 25 30 36 38 39 40 43 45 46 48 54 55 56 57 62 63 69 70 71 72 74 75 76 78 79 80 81 82 85 86 87 91 92 94 97 100 102 103 104 107 109 110 112 115 118 119 121 126 241
5 7 8 9 10 11 14 15 17 19 28 30 33 36 37 39 40 45 46 47 53 54 55 56 59 60 62 64 67 68 69 71 72 73 74 75 77 78 79 80 82 83 84 85 86 87 88 94 95 97 99 100 104 106 108 109 110 111 113 115 117 118 119 120 122 123 126 242
0 4 6 7 8 10 11 14 15 19 20 21 25 26 29 30 31 32 33 34 35 36 37 38 39 40 46 47 50 51 56 57 61 62 63 65 66 68 70 71 76 78 79 80 85 86 87 89 90 93 94 96 98 100 101 102 103 104 108 109 114 117 119 122 123 124 125 243
0 1 3 4 7 8 11 13 16 19 21 24 25 26 27 29 35 36 37 38 39 41 43 44 45 51 55 56 57 58 59 60 63 64 65 67 68 71 72 73 75 79 81 82 83 84 85 87 89 90 91 93 99 100 102 103 105 107 108 109 110 111 114 117 118 122 123 124 125 244
0 1 2 3 4 8 10 11 13 14 18 19 23 24 25 28 31 32 33 35 38 42 45 46 47 49 51 53 59 61 67 68 70 71 72 74 75 76 77 78 82 84 87 88 89 92 93 95 97 98 99 104 105 106 107 108 110 111 114 115 117 118 119 120 121 122 123 124 127 245
4 5 6 8 10 12 13 15 16 18 21 22 24 25 26 27 28 30 31 32 36 37 38 40 41 43 46 48 50 53 56 58 60 61 63 64 66 68 74 75 77 78 79 80 81 83 84 85 86 91 93 96 97 98 99 101 102 105 106 107 109 110 111 113 114 116 119 120 121 122 126 246
1 3 4 5 7 10 12 17 19 21 26 28 29 30 34 35 40 43 44 45 48 49 52 57 58 65 67 68 70 71 72 74 75 76 79 81 83 84 85 86 87 89 90 91 92 94 96 97 101 107 108 109 111 116 117 119 120 121 122 124 125 247
1 7 8 10 13 14 17 18 19 20 22 23 24 29 31 34 36 38 42 45 46 48 50 51 52 55 57 62 63 64 69 70 72 73 74 75 77 78 83 87 89 90 91 92 95 97 98 101 107 108 109 112 115 116 117 121 122 124 125 248
1 2 7 11 21 23 25 26 28 29 30 32 36 38 39 41 42 45 47 49 50 52 53 56 58 60 62 64 65 67 71 72 73 74 75 76 77 78 80 83 84 85 86 87 88 89 91 94 95 97 99 100 102 103 104 105 106 112 113 114 117 121 125 249
0 1 3 9 10 13 16 17 19 20 24 26 27 28 29 33 34 36 38 40 41 42 43 46 48 49 51 53 54 55 58 59 62 63 65 67 74 77 81 82 85 86 87 89 90 94 96 98 99 102 106 107 110 111 112 113 114 115 118 119 121 122 123 125 126 250
0 1 4 5 9 10 11 13 19 23 24 25 26 27 29 31 32 35 38 41 42 44 45 48 49 50 51 52 58 60 61 62 64 65 67 70 73 75 76 80 81 82 85 86 87 92 93 94 95 96 97 99 104 105 106 109 111 112 115 116 117 118 119 120 121 122 123 251
2 4 5 7 10 13 14 21 22 26 27 32 33 34 35 36 37 38 39 42 43 47 48 50 51 55 56 59 60 62 63 64 65 66 68 69 72 73 74 76 78 79 81 83 84 85 86 87 93 95 96 97 99 102 103 109 114 116 117 118 119 123 127 252
1 3 4 5 10 13 14 16 18 19 22 25 30 34 35 36 37 39 40 42 43 45 49 50 53 54 55 56 57 58 62 63 67 68 69 70 71 72 74 75 76 77 78 79 80 81 82 83 84 86 88 89 91 92 96 97 100 102 103 105 109 110 114 115 116 118 119 121 122 124 125 253
4 6 8 10 12 14 16 18 19 22 23 24 27 28 30 32 35 37 38 41 42 43 44 49 51 55 57 58 61 64 65 66 67 69 70 71 72 74 75 76 77 79 81 83 84 86 87 89 90 91 95 102 103 104 106 108 109 112 113 114 116 120 122 124 125 254
0 1 3 6 7 8 9 10 11 13 14 15 18 23 27 28 30 31 35 37 40 43 46 50 52 53 55 57 58 61 62 63 67 69 70 71 73 74 75 81 85 86 89 90 92 93 94 96 97 100 101 104 107 108 112 113 114 115 117 118 119 122 124 125 127 255
0 3 5 6 7 9 10 11 13 14 18 19 21 22 24 25 27 30 31 33 36 37 40 44 46 50 54 57 59 60 62 63 64 67 70 71 72 74 78 79 81 82 85 86 88 89 90 91 93 95 98 99 100 101 102 108 114 116 117 118 120 121 122 124 125 256
1 3 8 11 13 15 17 19 20 22 24 26 28 29 30 31 33 34 35 36 37 43 44 45 46 51 52 53 54 56 59 60 61 65 67 69 70 71 72 73 74 75 76 77 78 82 83 84 85 86 87 88 89 90 91 95 96 97 103 105 107 110 112 113 116 118 120 122 123 124 126 257
2 3 4 5 6 7 10 11 13 14 15 17 18 20 22 23 24 25 26 27 30 31 37 39 40 41 43 45 48 50 52 54 57 58 59 62 63 64 65 68 69 70 71 74 75 79 80 81 82 84 87 88 90 93 94 95 96 104 106 107 111 112 113 114 115 116 117 120 121 122 123 125 127 258
3 4 6 9 10 11 12 14 15 19 20 23 24 25 26 27 28 29 33 36 38 40 41 43 44 46 48 49 53 54 57 60 61 62 63 64 66 68 69 71 72 73 77 78 80 82 83 85 87 92 94 95 96 98 99 100 101 102 104 108 110 111 113 114 115 119 121 123 125 259
1 2 3 5 6 8 9 11 13 14 15 16 17 19 21 23 24 28 29 32 33 39 42 46 47 48 50 51 53 57 59 62 63 65 66 67 68 71 72 75 77 81 83 85 89 90 92 93 94 95 97 98 99 100 102 103 106 108 110 111 112 113 114 115 117 118 119 124 127 260
0 1 2 4 5 7 8 11 12 16 18 21 23 25 30 32 33 34 37 38 39 40 42 43 44 47 50 51 52 54 58 59 61 62 63 65 66 67 68 70 71 72 74 75 76 78 82 83 84 87 90 91 92 93 95 96 97 100 101 102 107 110 111 114 115 120 123 124 126 261
0 2 4 5 6 7 11 13 16 21 24 25 27 29 30 32 33 34 36 39 40 41 51 52 53 55 56 57 59 62 63 65 66 72 75 78 79 80 84 85 87 88 89 95 96 98 104 106 109 112 113 115 116 117 123 124 125 262
0 2 3 4 5 8 9 14 15 21 22 26 27 28 31 33 34 35 40 41 42 45 46 48 49 51 52 55 58 59 63 64 67 68 69 73 75 77 78 80 83 84 86 87 88 90 91 92 93 95 96 97 98 100 102 106 111 114 116 117 118 120 121 122 123 125 126 263
1 3 5 7 10 11 14 15 18 22 24 25 26 27 28 29 31 33 35 37 38 39 41 45 46 47 48 54 56 57 60 65 66 73 74 79 82 84 88 90 91 92 93 94 95 96 99 100 102 103 104 105 106 107 110 112 114 116 118 121 122 123 126 264
1 2 3 6 9 10 11 16 17 19 20 24 25 26 29 31 34 37 38 40 41 42 44 45 48 49 51 52 53 57 60 63 64 65 68 69 70 71 72 75 78 83 84 85 86 88 89 90 91 92 93 94 96 99 102 103 104 106 110 111 114 118 119 120 124 125 127 265
1 3 4 6 7 8 10 11 12 14 17 18 20 24 25 27 28 31 33 34 38 40 41 42 43 45 48 49 50 54 55 56 59 60 61 62 67 69 70 83 84 85 86 87 88 89 91 93 94 95 96 97 98 100 105 107 110 111 112 113 117 120 121 125 126 266
0 3 4 5 6 7 9 16 17 18 22 24 27 28 30 32 35 38 39 40 44 45 46 47 48 52 56 57 58 59 60 63 72 74 75 76 79 81 84 85 89 90 94 96 97 99 101 103 106 107 109 112 115 118 119 120 122 124 125 126 127 267
0 1 6 9 10 11 17 18 20 22 25 28 29 30 32 35 37 39 40 43 47 48 53 55 57 61 62 63 64 67 68 69 70 74 75 79 80 81 84 85 86 87 88 89 90 91 92 93 96 97 98 100 102 103 104 105 107 108 109 111 113 115 116 118 119 124 125 126 127 268
0 5 6 7 9 11 13 14 15 16 18 22 27 30 34 35 36 39 43 44 48 51 52 53 54 58 62 66 68 69 70 71 72 74 76 77 80 81 82 83 84 86 87 89 90 91 92 93 94 96 99 100 101 103 104 105 110 111 112 116 120 121 122 123 125 269
2 3 4 5 11 13 18 23 24 25 26 30 32 34 35 36 38 42 44 45 46 47 48 49 52 53 54 55 58 59 60 61 62 64 65 68 69 70 73 74 75 76 78 79 80 81 82 83 84 87 88 89 91 95 96 97 98 99 100 101 102 104 110 111 116 117 118 119 120 121 122 124 127 270
3 5 6 7 9 10 11 12 15 16 17 20 21 23 24 25 26 27 28 32 34 39 43 44 46 49 50 55 56 59 60 61 63 64 67 72 73 76 77 78 79 85 86 88 96 99 101 104 105 106 110 113 116 117 119 120 126 271
1 3 6 8 10 11 13 14 16 17 18 19 21 22 24 25 26 28 29 33 34 35 37 38 39 41 43 48 51 53 54 55 60 61 65 67 70 71 74 75 77 80 81 86 87 88 91 92 93 94 96 98 101 102 103 104 105 108 109 112 115 117 119 121 122 124 125 126 127 272
3 5 6 10 11 15 16 17 19 21 22 23 25 26 29 32 40 41 43 44 46 49 52 56 58 59 60 61 63 66 69 70 71 73 74 75 81 82 83 84 87 89 91 94 96 99 102 105 107 108 113 114 115 117 119 120 121 123 124 126 127 273
0 1 2 3 5 7 11 13 15 18 19 25 28 29 31 34 35 36 37 38 39 40 41 43 44 45 49 50 51 52 53 54 55 57 65 66 67 69 70 75 77 79 81 84 89 90 91 93 94 98 99 101 103 105 107 108 110 111 112 114 115 118 119 120 125 126 127 274
2 4 5 6 7 10 11 12 13 15 17 18 19 21 22 23 25 29 30 31 32 33 34 36 38 39 41 47 48 50 51 53 54 55 56 57 58 60 62 63 64 65 66 67 69 70 71 72 73 76 81 82 83 84 87 90 91 92 93 94 97 98 100 109 110 112 114 115 116 117 118 121 122 124 127 275
0 1 2 3 4 5 10 12 14 16 18 22 23 24 28 33 36 38 41 42 44 47 49 52 54 55 59 63 64 66 67 69 71 73 74 76 79 82 84 89 90 92 96 97 98 99 101 103 107 111 117 118 120 121 127 276
0 2 4 5 9 13 14 19 21 23 26 31 32 34 36 37 40 43 44 45 46 47 48 49 50 52 53 54 55 57 59 61 62 64 67 68 69 73 74 75 77 78 79 81 82 83 86 88 89 92 93 96 98 100 101 108 111 115 121 124 126 277
3 5 6 8 9 11 14 17 18 20 23 24 25 26 27 29 34 35 39 41 42 45 52 54 57 58 60 63 66 67 68 72 74 78 81 84 86 87 88 89 92 94 95 96 101 103 104 106 107 109 111 113 115 119 120 125 127 278
0 1 3 5 6 9 10 11 14 17 18 19 22 23 24 25 26 27 29 31 32 34 35 36 38 39 41 42 47 48 49 50 52 54 58 60 61 63 64 65 67 68 70 73 75 77 79 80 81 83 85 87 91 93 94 97 98 99 104 107 108 110 112 118 121 122 125 279
0 5 10 13 14 16 17 18 19 25 29 31 32 33 35 37 38 42 44 45 46 47 51 53 54 55 56 58 59 61 63 64 67 68 69 70 71 72 78 79 80 81 90 91 92 97 99 101 103 104 105 106 108 109 110 112 113 114 117 118 119 120 122 123 124 125 126 280
1 5 7 8 9 10 12 13 17 19 20 21 22 23 26 28 29 33 34 35 37 39 41 42 43 45 47 48 50 52 53 54 57 58 59 60 62 64 65 69 72 73 74 77 78 80 81 83 87 89 90 91 93 94 95 97 99 101 104 105 108 114 116 117 118 119 120 123 124 125 127 281
0 2 3 5 6 8 11 12 17 18 19 22 24 25 26 29 33 34 36 37 38 39 40 41 45 47 48 50 51 59 64 71 72 73 75 76 79 80 82 83 84 86 87 88 89 91 93 95 100 109 110 113 114 115 116 119 120 126 127 282
0 3 5 7 8 9 11 13 16 17 18 19 24 27 29 32 34 36 41 43 44 46 47 48 51 52 54 56 57 58 61 62 65 67 71 72 74 77 78 79 83 84 87 89 91 92 94 95 97 98 99 102 104 105 108 110 113 114 115 118 120 121 123 126 127 283
3 5 7 9 11 12 13 14 15 17 18 19 20 21 23 25 26 27 28 29 31 32 33 34 36 37 41 42 44 47 49 50 51 54 55 57 62 65 66 67 72 76 85 86 88 95 96 97 99 100 101 102 105 108 109 117 121 122 123 124 126 284
2 4 5 11 12 14 15 16 17 19 26 33 34 35 36 40 41 45 48 49 50 54 55 56 57 58 59 61 63 66 68 69 70 73 74 78 79 80 81 86 89 90 92 94 95 100 101 103 105 108 110 112 113 114 116 117 118 120 122 123 125 285
0 1 2 3 5 11 12 14 15 17 18 20 21 28 30 31 32 34 35 43 46 48 50 51 52 53 55 58 60 61 62 67 68 70 71 73 76 84 85 87 91 93 96 98 100 103 104 106 107 109 110 111 112 115 117 119 126 286
0 4 5 6 11 12 13 14 15 16 17 18 21 23 25 26 28 30 31 32 33 35 36 40 42 43 44 45 46 48 49 50 51 53 56 59 63 64 66 68 72 74 79 81 82 83 86 88 89 90 91 97 103 104 106 108 111 112 115 118 119 120 123 124 126 287
3 5 11 14 17 18 20 24 27 30 32 33 36 41 42 43 45 52 53 58 59 60 62 63 64 67 68 73 74 75 80 83 85 86 88 89 91 92 97 99 100 102 103 105 109 111 114 115 116 117 120 122 123 288
0 2 3 7 13 14 15 19 20 22 24 27 31 32 34 35 36 38 40 41 43 45 47 48 49 51 54 55 56 57 60 61 63 64 66 68 69 70 73 75 78 81 82 83 84 85 86 88 90 93 96 97 100 101 102 106 107 112 114 116 123 124 125 126 127 289
0 10 11 12 13 15 16 17 18 19 21 22 24 27 29 30 32 33 35 36 40 44 45 51 52 53 54 55 56 57 58 60 61 63 66 69 72 74 77 79 85 86 87 90 92 94 98 100 103 107 109 111 112 113 115 117 120 123 127 290
3 4 5 9 10 11 13 17 18 21 22 24 26 31 38 39 41 43 44 49 50 52 53 54 55 58 59 62 63 65 66 67 68 69 70 76 78 81 83 85 86 87 88 89 90 91 92 95 99 102 103 104 105 107 108 109 112 114 115 116 117 120 122 123 124 125 126 291
0 1 7 9 11 12 14 15 16 17 18 19 26 29 32 36 37 38 40 41 43 44 46 49 51 52 53 54 57 60 63 66 68 70 72 75 78 79 84 85 86 87 88 89 90 91 93 97 100 102 106 107 111 112 114 115 120 121 122 123 127 292
2 5 6 8 9 10 11 13 15 17 18 20 23 26 27 29 30 31 32 33 37 39 45 46 47 48 54 55 56 58 61 62 65 66 68 69 70 71 72 75 76 78 79 81 82 83 87 89 90 92 97 98 101 102 103 104 105 106 107 109 112 114 116 118 119 121 123 293
0 2 3 6 7 9 12 13 14 16 17 20 21 22 25 27 30 31 34 40 41 43 44 48 54 58 61 62 66 68 69 71 74 75 76 77 78 81 82 83 84 86 87 88 92 93 95 97 100 102 103 108 109 110 112 113 114 116 120 123 124 125 127 294
1 2 3 4 5 8 9 13 14 19 20 27 29 32 33 36 38 39 40 46 50 51 54 55 56 58 59 61 62 65 67 68 69 70 71 72 73 75 76 77 78 81 84 87 88 89 90 92 93 94 98 99 101 102 105 106 107 108 110 115 117 118 119 120 121 122 125 126 127 295
0 1 2 3 4 8 9 10 14 15 20 21 22 26 28 29 31 32 34 35 36 38 39 41 42 43 44 46 47 48 49 51 52 53 55 56 57 58 59 60 61 63 64 65 69 72 73 74 75 79 80 81 82 83 84 85 87 89 92 95 96 101 104 107 108 109 110 111 115 117 124 296
1 4 7 12 13 14 15 19 20 24 26 27 28 30 33 35 36 39 41 42 43 44 46 47 49 52 53 56 61 63 65 66 67 69 70 72 74 76 78 79 83 84 85 87 88 90 94 95 96 98 99 100 104 106 108 109 112 114 115 116 117 118 119 121 126 297
0 2 5 6 8 9 12 17 19 21 22 24 25 27 28 29 30 32 33 34 35 38 39 40 41 42 49 52 53 54 55 56 57 61 64 65 67 68 69 70 73 75 76 79 80 81 86 87 88 89 91 92 95 98 99 100 103 104 105 106 109 112 113 114 115 117 118 126 127 298
0 1 3 5 7 8 9 10 11 12 14 15 16 17 20 21 22 26 28 30 31 32 34 37 38 39 41 43 47 52 54 55 56 58 59 62 66 67 68 69 71 72 73 74 77 79 80 81 83 86 87 91 93 94 96 98 100 104 107 109 110 111 112 115 117 118 119 122 123 125 126 299
1 2 5 6 10 16 19 21 28 29 32 33 36 37 38 39 40 42 46 49 51 53 54 57 59 60 61 62 63 66 68 69 71 72 73 74 75 78 79 80 81 86 88 90 91 92 93 94 96 99 103 105 106 108 109 110 111 112 117 118 119 120 122 123 127 300
1 2 3 4 5 7 9 11 13 15 17 19 20 21 22 23 26 28 29 30 31 32 34 35 36 38 39 43 44 45 46 47 52 54 55 58 59 62 66 67 72 73 76 79 80 86 87 89 92 93 102 105 106 108 109 110 111 112 113 114 115 116 117 119 123 301
0 7 8 9 10 12 13 14 15 16 17 18 22 24 25 28 29 30 33 37 38 39 40 43 45 46 47 53 55 56 57 58 59 61 67 68 69 71 74 75 76 77 82 84 85 86 91 93 94 96 97 98 99 100 101 102 107 108 109 110 111 112 113 115 116 117 121 123 125 126 127 302
0 1 2 3 4 8 9 11 15 17 20 22 28 31 32 43 44 45 48 50 51 53 56 57 60 61 64 67 68 69 70 71 74 75 79 80 82 86 88 89 90 92 93 105 108 111 112 114 119 120 121 122 123 125 127 303
0 1 6 8 9 10 12 18 20 23 26 28 29 31 32 35 38 40 42 43 45 46 47 48 49 51 52 54 59 61 62 67 68 69 70 71 73 74 75 77 79 80 83 84 85 87 93 94 97 101 103 104 105 106 110 113 114 115 118 120 121 125 126 304
0 1 2 3 6 8 9 11 13 15 17 19 20 21 22 24 26 27 28 31 36 37 38 39 42 43 45 50 52 57 58 63 66 68 69 70 72 74 76 79 80 82 85 90 93 94 95 99 102 104 105 107 110 113 117 118 119 122 125 305
0 2 4 7 9 10 13 15 16 18 20 21 22 23 24 26 27 28 31 32 37 38 41 44 48 49 51 54 57 58 60 61 64 66 69 74 76 78 80 81 88 92 93 95 103 105 106 109 111 112 114 115 116 119 120 125 127 306
0 3 8 11 12 14 17 21 23 25 28 29 31 32 33 35 36 37 38 42 45 46 48 50 51 52 53 55 58 59 60 62 63 64 67 70 72 76 77 81 82 85 87 89 91 92 93 94 97 98 100 107 108 111 112 115 118 119 121 125 127 307
3 4 6 7 8 9 14 16 17 18 21 22 24 25 28 29 31 34 36 38 39 42 45 46 47 49 52 53 54 58 60 65 66 67 69 70 72 74 79 84 85 87 88 94 96 98 99 105 106 109 112 113 115 116 119 120 123 126 127 308
1 3 4 5 7 9 10 11 12 13 15 19 21 22 24 25 29 30 31 32 33 35 38 40 42 43 44 46 47 49 52 54 55 59 62 65 68 70 71 72 73 74 76 77 79 80 82 84 85 86 87 90 91 94 98 99 100 104 105 106 108 110 114 116 117 119 120 121 124 126 127 309
1 3 5 13 14 18 20 22 25 26 28 31 32 36 38 40 42 44 45 48 50 51 52 53 55 58 61 62 65 69 70 75 77 78 79 80 82 85 86 88 90 91 92 93 94 98 99 100 102 105 106 107 108 114 115 116 118 119 122 124 126 310
0 2 3 6 10 11 13 14 20 21 22 24 25 27 28 30 31 35 36 41 43 46 47 48 49 51 52 53 55 57 59 60 61 62 64 66 67 68 70 71 72 75 76 78 81 84 85 86 88 91 94 95 98 101 102 103 105 106 107 111 113 114 118 120 121 122 123 124 125 311
1 2 4 5 6 7 11 12 15 16 18 20 23 25 27 28 29 34 37 42 54 55 56 58 64 65 68 69 70 72 74 78 83 86 87 89 90 94 95 97 98 99 100 101 103 105 109 110 112 113 116 118 120 123 125 312
1 2 4 7 10 12 14 16 21 23 24 25 26 27 28 30 36 37 40 42 43 45 52 53 54 57 58 59 60 61 62 64 66 68 70 71 74 78 85 87 90 92 94 98 100 105 106 108 110 111 113 114 116 118 120 122 123 124 126 313
0 2 5 6 8 9 10 11 12 15 18 19 21 24 27 28 29 30 31 35 38 39 40 42 43 44 45 46 48 51 55 57 58 62 63 67 70 79 80 81 82 83 86 92 93 95 98 100 103 104 106 107 109 110 113 114 115 116 117 118 119 120 122 124 125 314
2 4 6 7 8 13 14 19 21 22 24 26 27 28 29 31 33 35 38 40 42 43 44 45 48 50 51 52 54 56 58 63 64 65 68 69 70 74 76 77 78 81 82 84 87 92 93 94 98 100 101 102 104 105 106 107 109 111 112 117 118 121 122 315
1 5 6 7 8 9 13 14 15 18 21 23 24 25 33 36 38 40 41 42 43 45 48 49 53 57 58 59 60 64 65 66 67 68 69 72 73 74 76 77 78 81 82 85 86 87 89 90 92 94 95 98 99 100 101 102 103 104 106 107 108 109 113 114 118 122 126 316
1 3 4 6 7 8 9 11 13 17 21 24 26 27 30 33 34 35 39 42 47 49 52 56 57 58 59 60 62 63 64 65 73 75 76 78 79 80 84 85 87 89 90 91 92 93 94 95 97 99 102 105 111 112 116 117 120 124 126 317
0 2 4 5 7 8 9 10 12 15 16 19 21 22 23 24 25 28 30 31 32 33 37 38 40 42 44 45 47 49 51 53 57 60 61 62 63 64 65 67 68 69 70 71 72 75 78 81 82 84 87 89 90 92 93 96 97 99 103 104 106 108 114 116 117 118 119 122 124 126 127 318
3 4 5 7 11 14 23 25 27 28 30 31 33 34 37 44 45 47 48 50 52 54 56 60 62 63 64 67 68 69 71 72 73 75 76 77 78 82 86 88 90 95 96 97 98 99 101 102 103 104 107 109 112 113 114 116 118 119 122 123 125 319
0 4 6 9 10 11 14 15 16 17 18 19 21 22 28 29 31 34 37 40 41 43 44 45 46 50 54 55 57 58 60 61 63 66 67 70 72 73 75 76 78 80 83 87 88 90 91 92 93 94 97 99 101 102 104 106 108 111 114 115 116 117 120 123 124 320
1 2 3 5 6 8 9 10 12 16 21 22 23 25 26 28 32 33 36 37 38 40 41 42 46 47 49 53 55 57 59 63 67 72 73 75 76 80 82 86 87 88 89 90 91 92 93 94 95 96 98 99 105 106 107 109 111 115 116 117 120 321
1 4 5 6 8 10 11 12 13 15 18 20 21 22 23 25 27 30 31 32 36 38 39 40 41 42 43 45 49 50 52 55 56 59 60 62 63 64 68 69 73 74 75 76 77 78 79 80 81 82 83 84 85 88 91 92 93 94 95 96 101 102 103 107 109 112 114 115 117 119 121 122 127 322
0 1 6 7 10 12 14 16 18 19 21 22 24 25 26 31 33 34 38 40 43 44 45 46 47 49 50 51 52 53 55 58 62 64 69 73 74 76 77 81 82 84 87 89 90 91 93 94 95 97 99 100 101 102 103 105 106 107 108 110 113 116 120 122 124 125 127 323
1 4 6 9 10 12 13 15 20 22 23 24 26 27 31 34 36 37 38 45 47 49 50 51 53 55 56 60 62 63 64 65 66 69 70 71 73 74 75 76 79 80 81 82 83 84 86 88 89 91 95 96 98 99 100 101 103 108 110 113 119 120 122 123 127 324
2 4 5 6 7 9 10 11 13 15 19 22 23 28 31 32 33 37 38 41 44 50 51 52 53 54 56 57 59 61 63 65 67 68 70 71 74 78 79 82 83 86 88 91 92 93 94 95 97 98 100 102 104 105 106 107 111 112 113 117 120 122 123 124 126 325
2 5 7 10 11 12 16 17 19 23 24 28 30 32 39 42 44 48 50 52 53 54 56 64 66 68 71 72 74 75 76 77 79 80 82 88 91 92 94 95 102 104 108 111 112 113 114 115 120 125 127 326
0 4 5 6 9 11 12 14 17 19 20 22 23 25 26 28 29 31 33 34 36 37 48 51 53 54 55 57 59 60 65 66 67 68 70 72 73 74 75 76 78 79 82 85 86 88 91 93 94 97 98 101 102 104 106 107 110 114 117 119 121 124 125 327
1 2 7 15 16 18 19 20 21 22 23 24 25 27 28 29 31 38 39 43 45 49 52 53 54 59 60 61 63 66 67 68 71 74 75 76 80 82 86 88 89 91 94 96 102 103 104 105 106 108 109 111 112 114 118 119 122 328
0 2 3 6 9 13 14 15 16 19 21 22 25 26 27 29 33 36 37 38 40 41 46 49 50 53 54 57 59 60 64 68 69 70 72 76 80 82 84 85 86 92 94 95 97 98 100 102 103 105 107 110 111 114 116 121 123 125 127 329
0 1 3 7 10 11 13 23 28 29 30 31 34 41 44 45 46 47 48 50 52 54 55 56 64 65 68 69 70 73 75 76 78 81 83 84 87 89 91 92 93 94 95 96 100 101 103 106 108 109 111 113 116 118 121 122 124 330
0 1 2 3 5 8 9 10 14 16 19 22 23 24 29 31 32 35 43 44 46 47 50 53 54 56 57 58 60 62 63 64 68 69 70 71 72 75 76 77 78 81 82 86 87 98 100 104 105 106 109 110 112 118 120 122 124 331
2 6 10 11 14 15 16 19 20 21 29 30 31 34 35 40 44 46 48 51 52 54 58 59 63 66 67 69 70 73 74 78 81 84 85 92 93 96 98 99 103 104 105 106 107 111 114 115 117 118 120 122 123 124 126 332
0 2 6 8 11 12 17 19 20 21 23 25 26 29 32 33 35 36 37 39 40 43 44 56 58 61 62 64 66 67 68 69 70 71 73 75 76 77 78 81 83 85 86 87 88 89 92 93 95 99 100 104 105 107 115 117 118 119 120 124 125 333
1 2 3 4 7 10 18 19 21 23 25 28 29 31 33 34 36 37 40 42 43 46 47 48 50 51 52 54 55 57 60 64 68 69 74 77 78 80 82 83 87 88 89 92 93 96 97 98 99 100 103 107 108 110 114 117 119 120 121 126 127 334
0 2 3 4 5 6 8 9 10 13 15 16 19 24 25 29 34 40 44 45 47 48 55 56 59 60 63 64 69 71 72 74 76 80 87 90 93 94 95 96 100 101 103 105 108 110 111 113 116 117 118 121 124 125 126 335
0 1 2 4 5 6 8 12 13 14 15 16 17 20 22 24 25 26 30 36 37 40 42 51 53 56 57 59 60 68 72 73 74 76 79 80 81 84 87 91 94 95 99 104 105 107 108 111 112 113 116 117 120 125 126 336
0 1 4 5 7 9 10 11 12 13 15 16 18 20 22 23 25 27 28 29 31 33 34 36 38 39 40 43 45 47 48 50 52 54 58 60 63 66 67 68 69 70 72 76 77 78 79 81 82 83 86 87 93 96 97 98 105 106 107 108 109 111 112 113 115 119 120 122 123 125 126 337
0 1 4 5 7 9 11 12 15 16 18 20 21 22 23 24 25 26 28 30 31 34 36 37 38 40 42 43 44 47 48 50 51 56 59 60 61 65 66 67 68 69 70 71 72 74 76 77 81 82 85 87 88 90 91 92 94 95 96 99 101 102 104 106 107 108 110 113 115 116 118 119 124 338
2 3 7 8 11 12 13 15 16 17 21 23 24 25 26 27 32 34 36 37 39 40 41 42 45 48 53 55 58 59 64 65 67 68 69 70 71 72 75 76 80 81 82 83 84 86 87 88 89 90 91 92 93 95 96 98 100 103 104 106 107 108 111 112 113 114 116 120 121 123 124 126 127 339
0 2 3 4 5 9 11 12 13 23 24 25 26 27 29 30 32 33 35 38 41 42 43 44 46 47 50 56 57 58 63 65 69 71 72 73 76 79 80 82 85 91 101 103 104 107 109 111 112 114 115 116 118 121 127 340
0 1 2 6 10 13 14 15 16 17 19 21 22 23 24 25 26 30 35 37 38 39 40 42 43 44 46 48 51 55 61 65 66 71 72 75 80 82 84 85 86 88 89 92 95 96 99 100 101 102 103 104 111 112 113 114 116 117 121 122 125 126 127 341
0 2 4 6 7 11 12 13 14 15 20 21 24 25 26 27 31 33 35 36 37 38 39 40 43 44 46 48 49 52 55 56 57 58 59 60 61 67 69 70 73 76 79 83 84 85 88 92 96 98 99 102 103 108 110 112 116 118 121 122 124 125 126 342
0 6 9 11 12 15 16 18 20 22 24 25 28 29 30 33 34 36 37 38 39 41 43 46 47 48 49 50 54 55 58 59 60 61 62 67 69 73 74 75 79 83 86 87 89 95 96 97 99 100 101 103 106 107 109 112 116 122 124 126 127 343
1 2 3 5 6 7 8 10 14 15 16 20 21 24 25 27 28 29 33 38 39 40 41 42 43 44 46 47 48 53 55 58 59 63 65 66 68 74 76 79 80 81 87 89 91 92 94 95 96 98 99 101 102 103 104 106 109 110 113 115 116 118 120 121 123 125 127 344
0 2 3 5 8 9 10 11 12 13 14 15 16 17 18 20 21 23 24 25 26 27 28 31 33 37 39 44 45 48 50 55 56 57 58 64 66 68 69 72 73 75 79 80 82 84 85 87 88 90 91 93 94 95 97 98 101 102 103 105 106 113 114 115 116 117 118 120 122 124 125 345
2 3 4 5 6 7 10 11 15 16 17 20 22 23 26 31 32 34 35 38 44 45 48 50 52 55 56 59 63 67 68 69 79 80 82 83 84 89 90 91 93 95 97 98 102 103 104 106 109 110 112 115 117 118 120 123 124 126 127 346
1 2 4 5 6 8 9 10 11 14 20 21 22 23 24 25 29 30 32 33 35 36 38 39 41 42 45 46 47 52 54 55 56 59 64 66 69 71 73 74 75 77 80 89 91 92 93 96 98 99 100 101 103 106 108 109 111 116 117 118 119 122 126 347
0 1 3 4 7 11 12 13 14 16 17 18 19 20 21 24 25 26 29 31 33 34 36 39 41 42 43 47 48 51 52 56 59 60 61 63 64 65 70 72 75 78 82 84 87 89 90 92 93 94 95 96 98 99 100 102 104 105 108 109 111 113 114 115 117 118 119 120 122 124 125 348
1 5 6 8 10 11 12 13 14 15 17 18 20 24 27 32 33 35 36 39 42 44 46 47 48 51 52 54 55 56 57 58 59 61 63 65 67 69 70 71 73 76 77 79 82 83 84 86 92 93 95 97 99 103 105 106 107 121 127 349
2 3 4 6 8 9 10 13 14 15 17 20 23 27 30 32 33 34 37 38 39 41 42 45 46 47 48 49 50 52 53 54 57 58 59 60 61 62 63 64 65 66 67 69 71 75 76 78 79 80 82 83 84 86 87 89 90 92 93 95 96 99 100 101 106 108 110 112 113 117 120 123 127 350
4 5 6 8 10 11 12 16 17 19 20 21 22 23 27 28 29 30 31 38 40 42 45 46 52 53 58 60 61 62 63 66 67 72 73 74 80 81 83 85 88 90 92 93 94 95 98 100 104 109 110 111 113 114 116 117 120 121 122 123 124 126 127 351
1 2 3 4 5 6 7 8 10 12 13 14 18 19 22 23 24 25 28 30 34 37 38 39 40 41 43 44 45 51 53 54 56 57 58 60 66 67 68 70 72 75 77 78 79 80 81 85 90 92 93 99 103 105 109 110 111 112 113 117 119 121 123 125 126 352
2 6 9 11 15 17 19 20 21 22 23 24 28 30 31 34 35 36 37 43 44 46 48 51 53 54 55 56 57 58 60 61 62 63 64 65 66 67 68 71 72 73 76 78 80 81 83 84 85 89 90 92 95 99 100 101 102 104 107 108 109 110 111 115 116 118 119 124 126 353
0 1 8 11 13 14 15 16 18 19 20 21 24 25 29 31 34 35 36 37 39 40 41 42 43 46 49 51 52 53 54 55 58 59 62 64 66 67 68 72 73 77 78 79 80 81 83 85 86 88 89 94 99 105 112 113 115 116 117 119 121 122 123 124 125 354
1 3 5 6 7 10 11 13 14 15 17 18 19 20 23 27 28 29 30 31 33 34 37 40 41 43 44 45 51 52 53 56 59 62 63 64 65 69 70 72 76 77 78 79 82 84 85 86 87 91 95 97 99 101 107 108 111 112 113 114 115 116 118 123 124 126 127 355
1 2 3 4 5 7 8 9 11 13 15 20 21 25 28 29 30 31 35 37 39 40 41 46 53 57 58 59 60 61 62 66 68 73 75 76 77 78 79 80 81 82 83 85 92 96 97 98 102 109 110 111 112 113 114 115 117 120 121 122 124 125 127 356
0 3 4 5 6 10 12 14 17 18 20 22 24 25 26 28 29 30 36 39 40 41 44 45 46 47 48 49 50 52 56 59 60 62 63 64 65 66 68 70 71 72 73 75 76 77 80 81 82 83 84 85 86 88 89 90 92 95 98 99 101 104 110 112 118 122 125 357
0 1 4 9 11 15 18 19 21 24 26 27 28 30 35 36 40 41 43 44 46 47 48 50 53 54 55 57 58 60 61 63 65 67 68 71 72 73 75 77 80 85 86 91 97 98 99 101 102 103 106 107 108 109 110 111 112 116 120 121 127 358
1 2 4 5 10 11 15 16 17 19 20 21 22 24 30 31 34 36 38 39 41 43 46 47 48 52 53 54 56 57 58 59 62 63 67 68 69 72 74 75 76 78 79 80 81 87 88 89 90 94 95 96 101 102 105 106 110 111 112 114 118 124 127 359
0 6 7 9 12 14 15 16 20 22 24 25 26 29 33 34 36 38 40 41 45 46 49 52 53 55 57 58 59 61 62 64 67 69 70 71 72 73 74 75 76 78 79 81 82 87 89 90 93 95 97 99 100 101 103 104 105 106 109 112 113 114 117 119 124 125 126 360
1 3 4 6 14 17 20 25 27 28 30 31 32 33 35 36 39 40 43 45 51 53 56 59 60 61 65 66 68 69 70 78 79 82 83 85 86 87 88 89 90 94 97 102 104 105 106 107 109 111 112 115 116 121 122 123 124 361
0 6 7 9 13 15 16 17 23 25 26 30 34 36 37 38 39 42 45 50 53 55 56 57 58 59 62 65 67 68 69 72 75 76 84 85 87 90 92 93 94 97 99 100 102 103 104 105 106 107 108 113 117 119 122 123 124 126 127 362
0 1 2 4 8 9 11 12 13 15 16 19 21 22 31 35 36 38 40 43 45 47 52 54 55 59 60 61 62 64 68 70 75 76 78 79 80 81 83 84 85 87 88 89 90 91 95 96 97 98 100 101 103 107 108 110 113 116 118 120 122 126 127 363
0 1 2 3 6 8 11 12 15 17 18 20 21 22 24 26 32 34 39 41 42 43 44 45 46 48 49 51 53 58 61 62 63 66 67 69 71 72 74 75 78 79 82 85 86 89 90 91 94 95 96 97 98 100 101 102 103 104 106 111 115 116 118 121 123 364
1 2 5 6 7 8 13 17 18 19 20 22 23 25 27 28 35 36 37 38 39 41 42 43 45 46 49 50 53 54 62 64 65 69 70 71 73 74 77 81 85 87 88 89 90 100 108 109 110 111 112 114 115 116 117 118 119 121 123 125 127 365
1 4 7 8 9 10 14 16 18 19 20 21 22 25 26 27 28 29 30 31 32 33 36 37 40 41 42 43 45 46 47 51 52 53 54 60 64 66 67 69 70 72 74 77 79 80 82 83 84 85 87 88 89 92 96 97 98 99 100 102 103 104 105 107 108 110 116 118 119 120 121 122 123 124 125 366
1 6 8 9 12 14 16 17 21 27 28 33 34 37 38 39 41 42 43 44 45 48 57 58 59 60 61 62 63 65 66 68 78 80 81 82 83 84 87 88 91 93 94 96 97 100 103 108 110 114 115 118 120 367
0 2 4 7 8 9 10 12 13 14 15 16 17 24 25 26 28 31 33 36 39 42 44 46 47 50 51 52 55 60 67 68 71 72 76 79 80 82 84 85 87 88 89 91 92 96 97 99 100 101 103 104 106 108 110 113 114 115 117 121 122 123 125 126 127 368
1 2 4 6 9 10 11 12 13 17 19 25 26 28 29 32 34 38 39 41 44 47 49 51 54 55 62 64 65 66 67 68 69 70 71 76 78 79 80 82 83 84 86 91 92 93 99 101 102 103 104 105 108 109 111 112 113 114 117 119 122 125 127 369
0 2 5 6 7 11 12 13 16 17 20 22 23 24 26 27 28 29 36 37 38 39 42 43 44 47 50 51 52 53 54 55 60 61 62 63 66 69 71 72 75 78 79 80 81 82 83 85 86 87 88 89 90 91 92 93 97 100 102 103 104 106 108 109 111 113 115 116 117 118 119 121 126 370
0 5 8 10 12 13 14 15 16 18 22 23 24 27 28 29 34 35 37 39 40 42 43 45 51 52 53 54 55 57 59 61 62 64 69 74 77 78 86 90 91 92 94 96 103 106 107 108 109 110 111 114 115 117 118 119 120 121 123 124 125 371
2 3 4 5 7 8 9 10 11 14 18 19 20 24 25 26 27 28 29 30 33 34 36 37 38 43 47 48 50 53 54 55 56 57 58 60 61 62 65 66 68 72 74 76 78 79 80 82 83 86 87 92 94 95 96 97 98 99 101 102 105 106 107 108 109 111 115 118 119 120 122 124 125 126 127 372
1 2 4 5 6 9 10 13 14 15 16 17 18 21 22 24 25 30 32 33 34 35 39 41 45 51 57 59 60 62 63 66 67 68 73 74 75 76 79 80 83 85 87 89 90 92 94 96 100 101 105 107 110 111 113 115 118 119 124 373
1 3 4 6 8 9 10 12 15 16 20 21 22 27 32 33 36 38 39 40 44 45 47 50 55 58 59 63 66 67 68 69 72 73 75 76 80 81 83 86 89 91 95 97 101 102 107 108 109 113 115 116 119 120 121 122 127 374
8 10 14 15 16 17 18 22 25 26 27 31 32 33 34 36 37 39 40 41 44 48 49 50 51 52 53 57 59 61 62 63 65 66 68 73 75 76 77 78 80 81 82 95 96 98 102 104 107 111 114 116 118 120 126 375
0 1 2 3 4 5 6 7 8 11 12 13 14 18 23 26 27 30 35 37 39 40 41 44 49 52 53 54 57 58 67 69 70 71 75 78 79 80 87 88 91 93 97 98 101 102 103 104 105 106 109 110 111 113 115 116 120 121 122 123 125 126 127 376
2 4 8 10 12 13 15 16 17 19 22 30 35 37 46 47 48 50 51 52 56 58 60 62 64 65 66 70 71 72 74 75 78 79 81 82 84 85 87 88 89 90 91 92 94 95 98 99 101 103 104 105 109 110 112 115 118 120 121 123 125 377
0 1 2 4 6 7 11 13 14 21 22 24 26 28 29 34 36 37 38 40 41 45 49 50 53 54 55 56 60 62 64 66 67 68 70 73 76 77 79 85 86 88 89 90 91 94 96 100 106 108 110 113 117 118 120 121 123 124 125 126 127 378
0 1 3 5 7 8 10 12 15 16 18 19 21 22 25 27 29 30 32 34 35 37 40 44 45 47 52 53 54 55 60 68 69 71 72 75 77 78 80 81 82 86 87 91 94 95 96 99 104 105 107 108 109 111 115 116 119 120 121 123 125 126 127 379
4 5 6 7 10 11 12 13 14 15 17 19 20 23 27 28 29 30 32 38 39 40 42 45 46 47 48 50 54 57 59 64 67 68 70 71 72 74 75 81 83 84 89 90 91 94 96 99 100 102 105 108 109 112 113 117 118 119 121 123 124 125 127 380
1 2 3 4 7 8 12 14 16 17 22 24 25 26 28 29 30 33 35 37 39 41 42 45 47 50 52 56 58 59 60 62 64 68 69 71 76 78 81 82 83 86 87 88 89 90 91 92 96 97 98 102 109 113 114 116 118 119 123 124 127 381
0 1 2 3 4 7 8 9 10 12 13 16 17 18 19 21 24 27 28 29 31 34 35 36 39 40 43 44 46 47 48 51 54 56 57 59 65 67 69 70 71 72 73 77 78 79 81 83 85 86 90 92 96 97 98 100 101 104 105 107 110 112 115 116 119 120 122 123 124 382
0 1 2 3 4 5 6 7 12 15 16 17 19 21 23 25 26 28 30 33 36 37 40 42 43 46 47 48 49 50 51 54 55 56 57 58 59 60 61 62 63 67 68 70 72 73 75 76 78 80 81 82 83 84 85 88 89 90 91 93 94 97 98 99 101 102 103 104 105 107 108 111 112 113 118 119 121 122 123 126 127 383
2 3 6 7 8 10 12 13 14 16 21 23 24 25 26 27 29 30 31 32 36 37 38 40 43 44 45 46 47 51 54 57 58 59 65 67 68 71 72 73 74 76 79 84 85 86 87 88 92 94 98 100 102 108 110 113 115 116 118 120 121 122 125 126 127 384
0 2 3 4 5 6 7 11 14 17 19 20 21 24 29 30 33 36 38 43 48 49 51 55 60 63 64 65 67 70 72 73 75 76 78 80 81 88 89 96 97 98 99 100 105 106 109 110 112 114 116 117 120 124 125 126 127 385
2 4 7 9 11 13 15 18 19 20 24 25 27 29 34 36 37 44 45 46 47 48 50 51 52 53 54 57 58 63 65 66 67 68 69 70 71 73 74 75 79 80 81 83 84 88 91 93 95 96 97 100 102 103 107 109 110 111 113 114 116 118 119 121 123 124 127 386
2 3 4 10 15 16 20 21 23 28 29 32 33 34 36 37 38 39 40 41 43 45 47 52 54 58 61 62 64 66 70 71 73 74 75 76 79 80 81 82 83 84 85 86 87 89 92 93 94 95 97 98 103 104 106 107 108 110 111 112 113 114 116 118 120 125 127 387
0 2 3 5 7 9 10 13 17 19 20 24 25 26 29 30 33 35 36 37 38 39 45 46 48 49 53 54 55 56 58 60 61 65 66 71 72 74 77 78 82 83 86 88 92 93 94 95 98 99 102 104 105 108 109 111 114 115 116 120 125 126 127 388
0 2 4 5 6 7 8 9 10 13 15 20 23 24 27 30 31 32 35 36 38 39 42 45 49 51 52 54 58 59 61 64 65 67 68 70 71 74 75 76 78 80 81 85 88 90 92 94 96 101 102 103 106 109 119 122 127 389
1 2 4 5 6 7 8 11 13 14 18 20 21 23 24 25 26 33 35 36 38 40 43 46 47 52 54 56 58 59 60 63 64 66 68 69 70 75 76 77 78 81 82 83 85 87 90 91 96 99 101 106 107 108 110 111 112 113 115 116 119 120 124 390
1 2 3 4 6 7 12 16 18 19 21 23 24 26 27 32 33 34 35 37 40 46 47 51 53 57 60 61 62 63 66 67 68 69 70 72 74 75 76 77 80 81 84 86 90 91 95 98 99 100 101 102 103 105 106 107 108 109 110 111 112 113 115 117 118 120 122 123 124 126 127 391
0 2 3 5 7 8 11 13 15 16 17 18 19 20 24 26 28 29 30 31 32 34 35 37 39 41 44 45 46 47 48 51 54 55 56 61 63 72 73 77 80 85 87 88 89 92 94 102 103 105 106 108 110 112 115 117 118 119 120 121 122 125 127 392
2 4 5 6 10 11 13 14 15 16 17 18 19 22 23 24 30 31 32 34 36 37 39 40 41 43 44 45 46 49 51 53 55 56 59 66 70 71 75 79 82 83 85 88 93 94 97 100 103 106 108 110 111 114 117 118 119 120 122 125 126 393
2 3 5 8 14 17 18 19 21 25 27 28 30 32 33 42 43 44 47 50 52 53 54 55 57 58 60 63 64 65 68 69 72 76 78 79 80 81 82 83 86 89 91 92 93 96 97 98 100 101 102 105 106 109 110 112 113 115 117 121 123 124 125 394
0 3 6 8 9 11 15 20 23 24 25 26 28 30 33 36 39 40 45 46 49 52 53 54 56 58 60 62 63 67 68 69 70 72 74 75 78 81 88 89 90 91 92 95 98 99 100 101 104 105 109 110 112 114 116 117 118 119 121 122 125 395
3 4 7 8 9 11 13 15 17 20 22 25 29 33 36 38 39 44 48 49 51 52 53 55 58 59 62 63 68 69 70 71 73 74 75 79 81 82 85 86 87 91 92 97 98 99 100 103 104 105 106 108 110 112 114 116 118 119 121 123 125 126 127 396
0 2 5 6 10 11 12 13 17 19 23 26 27 31 32 35 37 38 43 47 48 50 51 55 56 57 58 59 61 62 68 69 75 76 77 78 79 83 84 86 88 89 94 97 98 100 101 105 106 107 111 112 113 115 116 119 120 121 124 126 127 397
3 4 6 10 11 14 15 16 18 20 26 27 29 30 31 33 34 35 37 38 39 40 44 46 49 50 52 53 54 55 56 58 62 63 65 67 69 70 72 74 76 77 78 80 81 83 86 90 93 95 96 98 100 102 107 108 112 114 115 117 119 120 121 122 123 126 127 398
2 4 8 9 14 15 21 28 29 33 34 37 39 42 45 46 47 50 52 53 54 56 58 59 63 65 66 68 69 70 72 73 74 75 77 78 79 83 84 86 88 89 91 94 95 96 98 99 100 101 103 105 106 107 111 112 113 114 115 117 118 119 120 121 122 123 124 126 127 399
2 3 5 6 9 11 13 15 16 18 22 24 25 28 29 34 38 40 42 44 47 48 49 50 51 53 55 57 59 60 61 62 64 65 67 68 70 71 72 73 74 76 77 78 80 83 85 88 92 93 97 98 99 100 101 102 103 104 105 112 117 118 120 121 122 124 127 400
0 3 4 9 10 12 14 15 16 17 18 21 22 23 25 26 27 28 29 30 31 33 35 37 41 45 46 47 49 52 53 55 56 57 58 59 61 62 67 68 69 70 75 79 80 82 85 88 89 92 94 97 98 101 103 104 105 107 109 111 115 117 118 122 123 401
0 2 4 5 6 9 10 11 14 15 17 18 19 20 23 25 26 28 30 31 32 33 37 38 42 47 49 50 51 53 55 59 60 62 67 68 69 70 73 74 76 77 78 79 81 82 86 88 90 92 94 95 96 97 98 102 103 105 106 108 109 111 114 118 121 125 126 402
2 5 7 10 12 14 16 19 21 22 25 26 28 31 33 35 36 37 38 39 40 41 45 48 50 54 58 59 60 62 63 64 65 69 74 76 81 83 84 87 93 96 97 98 99 100 101 102 107 109 111 113 114 117 120 122 123 124 127 403
4 6 7 9 14 15 16 17 18 23 25 26 29 31 35 36 37 38 42 43 44 45 48 53 54 55 56 57 58 59 66 68 73 75 76 83 87 91 93 94 95 96 102 103 104 106 107 112 113 114 115 116 118 123 127 404
5 6 7 10 11 14 20 22 26 27 28 29 31 32 34 35 39 40 41 46 47 49 50 52 55 57 59 60 61 62 63 67 69 73 74 75 76 78 79 80 85 86 90 91 92 93 95 98 100 101 104 106 107 108 109 111 113 117 120 122 126 405
0 1 2 4 6 8 9 10 11 13 14 15 16 20 22 25 27 29 30 31 33 34 35 36 37 38 39 42 44 45 47 48 49 51 53 56 58 59 61 62 63 64 65 66 67 69 70 72 73 76 78 79 82 83 86 91 94 95 99 100 101 103 105 106 108 110 114 117 118 119 120 121 124 406
0 3 5 6 7 8 12 17 18 19 20 21 22 23 24 26 27 30 31 32 33 35 36 37 38 41 42 47 50 53 54 56 57 58 59 60 61 62 63 64 68 69 70 71 74 77 84 85 86 87 92 94 96 98 100 102 103 107 108 111 112 118 120 122 123 126 127 407
0 1 2 3 6 7 8 10 11 15 17 18 19 22 25 26 32 33 34 36 38 39 41 42 44 46 49 52 56 57 58 61 62 63 64 66 69 70 71 73 76 78 82 83 86 89 90 92 93 94 95 96 98 99 100 101 102 104 105 107 108 110 115 116 117 118 120 121 125 126 127 408
0 1 5 6 11 12 16 18 19 22 23 25 27 29 30 31 32 33 35 36 38 42 43 45 47 49 50 54 55 58 59 60 62 66 73 75 77 82 83 84 86 90 91 94 95 98 99 101 103 104 105 107 109 111 119 122 123 124 126 409
1 2 4 5 6 7 8 10 11 13 14 18 20 22 29 30 33 34 35 36 37 41 42 45 46 47 48 49 52 56 57 58 59 60 62 63 64 65 67 68 75 78 80 84 87 89 90 95 96 97 99 101 102 103 105 106 107 111 113 114 115 119 120 122 124 125 127 410
0 1 2 5 6 7 8 9 10 13 14 17 18 19 20 21 25 26 29 33 36 41 42 43 46 47 48 50 52 54 56 58 60 63 65 68 69 70 72 73 76 80 84 85 88 91 92 96 100 103 106 112 116 117 119 121 123 125 126 411
4 5 9 10 16 17 18 20 23 25 26 29 30 35 36 39 41 42 43 44 45 46 47 50 52 54 57 58 59 61 65 66 67 69 73 76 77 79 86 91 93 97 98 99 101 103 104 106 108 113 114 116 117 121 124 125 126 412
0 2 4 5 7 9 10 12 14 15 16 17 20 21 22 28 29 31 32 33 34 35 36 43 45 47 55 60 62 68 69 72 75 78 79 81 86 87 88 90 92 95 96 97 98 100 101 102 103 104 105 111 114 115 122 125 127 413
0 3 6 9 10 12 13 16 20 21 23 27 29 31 32 33 36 38 40 42 47 50 52 53 57 58 60 61 64 65 69 72 76 78 80 84 85 86 87 88 89 91 93 94 102 104 105 106 108 112 118 119 121 126 127 414
5 6 9 10 12 13 14 16 17 18 19 20 26 30 34 35 36 37 40 42 44 45 47 50 54 60 62 63 64 66 70 71 72 75 77 78 79 80 84 85 87 90 92 94 95 98 99 100 101 102 105 106 107 108 111 112 114 116 118 119 120 123 127 415
2 3 6 8 9 11 13 16 18 19 23 25 26 27 29 30 32 34 35 36 37 41 42 43 44 45 47 49 50 51 54 57 59 61 66 67 68 69 70 73 74 75 76 78 79 80 81 84 87 89 90 96 98 99 100 102 103 104 109 110 111 112 115 118 125 126 127 416
1 3 14 15 17 18 20 22 23 24 25 33 35 38 40 41 47 48 52 54 56 58 60 61 63 66 70 71 72 75 76 78 79 81 89 90 91 92 96 98 99 100 101 102 103 107 108 110 113 114 116 117 120 123 124 126 127 417
0 2 5 7 11 12 13 14 15 16 18 19 20 22 25 28 31 36 37 38 40 42 45 48 50 52 55 56 59 60 61 64 65 67 69 70 74 75 77 79 80 82 84 85 88 89 91 92 96 98 100 102 103 105 108 110 111 112 113 115 117 124 125 126 127 418
0 2 4 6 9 12 13 14 15 16 19 20 23 24 25 26 27 28 29 33 35 38 39 41 44 46 47 50 55 57 58 59 67 68 73 74 75 78 81 84 85 87 88 89 90 91 97 99 100 101 103 105 106 107 108 111 113 116 117 119 120 125 127 419
1 3 4 5 8 12 13 16 22 23 25 27 28 33 34 35 42 43 46 51 54 56 57 59 60 61 66 68 69 70 71 74 77 78 80 82 83 84 86 87 90 92 94 95 100 101 105 106 109 112 115 116 117 118 120 121 122 123 125 126 127 420
0 1 2 4 10 13 15 18 20 22 23 24 25 27 28 29 30 31 33 35 40 44 45 46 49 50 51 53 56 61 63 64 65 66 69 70 72 75 76 77 78 81 83 84 87 93 96 101 102 105 106 109 112 113 115 120 121 123 124 421
0 2 3 4 5 7 8 12 14 15 17 20 24 25 28 31 32 34 35 36 37 41 42 44 45 47 48 49 55 56 57 58 59 60 61 62 65 71 73 75 80 81 90 91 92 94 97 98 99 106 107 111 114 115 118 124 125 126 127 422
1 2 4 6 7 11 12 16 19 21 23 26 28 29 30 33 34 36 37 40 41 43 44 46 55 58 59 60 61 62 63 65 67 68 69 71 72 73 75 80 81 82 85 86 88 90 91 92 94 97 98 99 101 102 103 104 106 107 109 110 111 114 117 118 119 123 124 423
0 1 2 4 5 7 14 17 18 19 22 23 24 26 28 30 31 32 33 34 37 38 40 41 43 45 46 47 48 49 51 52 53 54 56 57 58 62 66 69 72 74 77 80 81 83 84 86 89 90 91 93 94 98 99 105 107 108 110 111 112 113 114 117 119 121 122 424
2 3 4 7 11 12 13 14 15 17 20 22 24 27 29 30 32 36 41 42 47 55 56 57 58 59 60 61 64 65 66 69 70 72 76 78 79 80 82 85 87 89 90 91 93 95 96 98 100 101 102 103 104 108 109 110 111 112 113 114 116 117 125 126 127 425
0 5 6 7 8 10 13 14 15 17 18 19 29 32 33 34 36 39 42 43 44 47 49 51 53 54 56 58 59 60 62 67 68 75 77 79 82 83 85 86 88 92 93 95 96 97 99 100 102 108 109 113 115 118 120 121 122 124 125 426
10 13 14 17 18 20 23 24 25 27 28 33 35 36 38 39 41 44 47 49 50 51 56 58 60 61 64 66 68 70 71 72 74 75 78 79 82 85 86 92 94 95 96 97 99 102 103 104 105 109 114 115 116 117 118 119 121 123 124 125 126 427
1 3 5 6 7 8 9 10 11 14 15 16 17 19 21 22 23 24 25 26 27 28 29 31 33 36 38 39 40 41 42 44 45 47 48 49 50 54 55 57 58 60 64 66 67 70 71 72 73 74 75 77 79 81 82 83 85 87 88 89 90 91 93 96 100 101 102 103 105 108 109 110 112 113 114 115 116 118 120 121 122 124 125 428
6 7 9 13 14 15 16 17 18 19 20 22 23 24 27 28 29 30 31 37 40 41 42 43 44 48 49 51 54 56 57 58 59 60 61 62 66 68 74 75 76 77 79 80 81 83 86 88 90 94 96 98 101 105 108 109 110 112 121 122 126 429
1 4 6 8 9 10 12 15 16 19 20 23 26 27 28 29 31 33 35 36 39 40 42 43 50 51 52 53 56 58 59 60 61 64 69 70 71 73 74 75 77 78 83 84 85 87 90 93 95 96 98 100 101 102 103 105 110 112 114 116 117 121 122 123 127 430
2 4 6 7 9 12 13 14 19 28 31 32 33 35 39 41 42 44 46 47 48 49 51 52 59 60 62 63 64 68 69 70 71 76 77 83 84 86 87 88 91 92 93 95 98 99 100 101 102 104 105 106 107 108 109 110 111 112 115 117 118 121 123 124 126 431
1 2 5 7 10 13 14 16 17 18 19 20 21 23 24 26 27 28 31 33 34 35 37 38 39 41 42 43 47 49 50 51 52 55 56 57 58 59 60 64 66 67 68 69 70 71 72 73 74 75 76 83 84 85 87 89 90 91 92 98 99 100 109 111 112 116 117 119 120 123 125 432
0 1 3 8 9 11 12 15 16 17 20 23 24 25 27 28 31 32 35 36 37 39 41 43 46 51 53 55 56 57 62 65 71 73 75 81 82 83 84 85 87 88 89 90 91 92 93 97 103 104 105 106 110 111 116 117 118 119 120 121 122 124 125 433
0 6 7 10 11 13 16 21 26 27 28 30 31 32 35 40 41 43 45 46 47 48 49 50 53 54 55 56 59 60 62 66 67 68 69 70 72 73 74 75 78 79 83 84 85 86 87 88 91 92 94 95 96 97 101 102 104 105 106 108 114 116 117 118 119 123 127 434
1 4 6 7 9 10 13 14 19 20 21 23 24 25 26 28 30 31 32 33 34 35 36 37 38 39 40 41 42 50 52 55 56 58 59 60 61 63 64 69 71 72 73 76 77 78 81 82 83 84 87 91 93 95 97 98 99 101 102 104 105 110 112 114 116 117 120 121 122 435
1 4 6 7 10 12 14 15 17 18 20 21 24 25 27 28 29 30 31 32 34 36 41 44 46 50 51 52 53 54 55 56 57 59 61 62 63 64 66 67 72 73 74 80 82 83 84 88 90 91 93 95 98 99 100 101 104 109 110 112 114 115 116 118 119 126 127 436
0 1 2 7 8 9 13 14 16 17 19 24 30 33 34 35 36 37 38 39 40 42 43 44 45 49 52 53 57 58 60 62 63 64 68 69 72 73 74 75 76 78 79 80 84 90 93 96 98 100 103 106 107 108 109 111 112 113 115 117 124 437
2 5 6 9 10 15 19 21 23 25 26 27 29 30 31 34 37 38 39 40 42 43 45 47 48 49 53 54 56 57 58 62 65 67 71 72 77 81 82 84 85 89 93 94 95 97 101 102 103 106 113 114 116 119 122 124 125 126 127 438
1 2 4 6 7 8 10 11 12 13 14 17 18 21 24 25 26 27 29 30 31 33 35 36 41 43 45 48 49 50 51 52 53 56 59 60 66 67 68 72 73 74 78 79 81 83 84 85 87 88 91 93 96 98 101 102 104 106 107 109 110 112 113 119 123 126 127 439
0 1 4 5 7 9 11 12 15 18 19 21 22 24 25 26 29 35 36 37 38 39 42 44 46 49 50 51 57 58 61 62 63 64 65 68 70 71 73 76 77 79 81 82 84 85 86 87 88 90 93 96 97 100 101 102 103 105 106 107 109 111 113 114 119 122 124 126 127 440
2 4 7 8 11 13 15 16 17 18 19 21 22 23 24 25 26 27 28 29 30 32 34 35 38 39 40 41 42 43 47 48 49 51 52 55 56 58 62 64 69 71 74 75 80 81 82 85 87 91 92 93 95 97 98 102 104 106 108 110 111 118 119 121 123 124 127 441
2 5 7 8 9 11 13 14 15 16 18 19 20 21 22 24 26 30 32 33 35 38 40 41 42 47 48 52 53 55 57 58 59 60 61 62 63 65 72 73 74 75 76 79 80 84 88 96 98 99 102 103 105 109 112 113 115 116 117 120 121 122 123 124 126 442
0 1 3 4 6 7 8 9 11 14 16 17 20 23 24 25 27 29 33 35 36 37 39 41 42 44 46 48 50 52 54 61 63 69 70 74 75 76 77 78 79 80 81 82 84 85 87 88 90 94 97 100 102 106 107 108 110 111 112 113 115 118 119 120 123 124 126 443
2 4 5 6 7 13 16 17 20 22 23 24 28 29 30 34 35 37 39 43 48 49 50 53 54 56 57 58 59 61 63 64 65 67 68 69 70 72 74 75 77 79 80 90 94 96 97 100 101 102 107 110 115 116 120 121 124 126 127 444
0 1 2 3 4 5 6 7 11 13 14 15 18 20 21 23 26 28 32 33 40 41 42 45 47 50 51 53 54 55 60 64 66 67 69 70 72 73 74 76 77 79 80 81 84 85 86 87 88 92 94 95 99 103 104 107 108 109 111 112 113 116 117 121 122 124 127 445
0 3 7 8 12 14 16 21 22 24 29 30 31 32 34 35 36 37 38 39 43 46 48 50 54 55 60 61 62 65 67 69 70 73 75 78 80 81 83 85 86 87 89 93 94 96 100 102 104 111 116 118 120 121 123 124 127 446
1 2 3 5 7 9 10 12 14 15 19 24 25 26 27 28 31 33 34 35 37 38 39 43 44 45 46 48 49 50 51 54 55 56 58 60 61 62 66 67 69 73 74 76 78 80 82 83 87 88 89 90 91 95 98 99 105 106 108 112 114 115 116 118 120 122 125 447
2 3 4 5 7 8 9 11 13 15 17 20 23 24 25 26 32 33 34 36 37 38 39 42 44 46 49 50 52 59 61 62 64 65 67 68 69 70 71 72 73 81 82 83 87 88 89 90 91 94 95 97 98 99 100 102 104 108 111 112 113 115 116 120 121 122 127 448
0 3 5 9 11 13 14 18 20 22 23 24 25 31 34 36 37 38 39 40 41 42 43 44 45 49 51 53 54 56 57 58 67 70 71 72 75 78 81 84 85 87 88 89 90 92 96 97 99 100 102 104 105 109 111 112 113 119 120 123 126 449
0 1 9 13 15 17 18 19 22 24 25 26 30 32 34 35 36 38 43 45 48 49 52 54 56 57 58 59 60 61 62 63 64 68 70 73 74 76 77 78 83 84 90 97 99 100 101 102 104 105 108 109 110 112 113 114 116 121 123 124 125 126 127 450
3 5 11 15 16 18 20 21 24 25 27 28 30 32 35 36 38 39 40 41 43 44 47 52 54 55 59 60 62 63 65 67 70 71 72 73 76 81 84 87 89 90 92 93 94 95 96 99 101 102 104 105 108 109 110 120 125 126 127 451
0 3 6 7 11 12 13 14 15 17 18 19 21 22 23 24 25 32 33 34 35 36 38 40 44 45 46 47 48 49 51 54 57 58 59 60 61 67 69 71 72 75 77 79 81 83 84 89 90 92 97 99 101 102 104 105 108 109 113 114 115 117 120 124 127 452
0 1 3 4 5 7 8 11 12 16 18 20 21 22 24 25 26 27 30 33 34 36 37 38 43 44 45 46 50 51 53 58 59 64 68 69 71 74 75 76 77 79 80 81 82 83 86 87 89 92 93 94 95 96 97 99 102 103 108 111 113 114 115 116 117 118 119 123 124 125 126 453
5 7 8 10 11 13 15 16 18 20 23 24 25 27 28 30 31 32 33 35 37 40 43 50 51 54 56 59 60 61 63 65 69 71 72 74 75 76 81 84 85 86 87 91 93 95 96 98 102 104 107 109 110 113 117 120 121 122 123 454
1 2 5 6 8 10 13 14 15 17 19 23 24 26 27 31 33 34 35 36 38 40 42 44 45 54 55 60 62 63 66 68 69 73 75 79 86 90 94 95 98 99 100 105 114 117 119 120 121 122 124 125 127 455
0 1 5 8 9 11 12 19 22 24 28 29 30 34 36 37 40 44 45 48 51 56 58 64 65 69 71 72 76 77 80 81 82 87 89 90 91 93 94 97 98 101 102 103 105 107 108 109 117 118 119 121 122 124 126 456
0 5 11 12 14 15 17 18 21 25 27 31 32 34 36 37 39 41 42 44 45 46 49 52 54 58 60 61 62 63 69 70 71 75 76 78 80 82 83 90 94 96 99 104 107 108 109 110 113 115 116 122 124 125 127 457
0 1 2 3 4 9 11 13 14 15 16 20 21 24 28 29 31 32 33 42 44 46 48 49 50 53 55 58 61 62 64 65 67 68 69 70 71 73 74 76 78 80 81 82 83 86 87 88 92 93 94 95 101 107 108 109 111 112 116 119 121 122 123 124 127 458
1 3 4 5 6 9 10 11 14 17 18 21 22 25 27 28 29 31 32 34 35 36 41 44 54 60 62 70 72 73 75 76 77 78 79 80 82 86 87 88 89 90 91 94 97 99 100 101 102 109 110 111 116 117 124 459
0 1 3 4 5 6 9 10 12 17 19 21 22 23 24 26 30 31 33 41 45 46 48 49 50 54 55 56 58 59 61 66 70 71 74 76 79 83 84 87 88 90 91 93 95 96 99 100 102 103 108 109 110 112 115 117 118 121 122 460
0 2 6 7 10 12 14 17 21 22 23 29 31 33 39 40 41 42 44 45 46 55 58 61 62 63 64 67 69 70 73 78 79 80 82 87 88 91 93 95 96 97 99 101 105 108 110 111 114 115 116 117 121 122 127 461
1 2 3 8 12 13 15 22 23 26 31 32 34 35 36 37 38 40 42 43 46 48 50 52 55 57 58 59 66 67 71 73 74 77 80 86 89 93 94 95 96 97 98 101 102 105 106 107 108 111 112 114 118 120 123 124 127 462
0 3 7 8 9 10 11 12 13 15 16 17 18 21 23 25 30 33 36 38 39 40 43 45 46 48 49 54 55 56 57 62 63 69 71 72 74 75 76 78 79 80 81 83 85 86 87 91 92 94 97 100 102 103 104 107 109 110 112 115 118 119 121 126 127 463
0 1 4 7 10 11 12 14 17 19 22 23 25 28 31 32 35 38 40 41 42 45 48 50 54 55 56 58 61 64 65 67 68 69 70 72 73 74 77 78 80 81 83 84 85 86 87 90 91 92 93 94 95 96 98 99 102 103 105 110 111 116 118 119 121 122 126 464
1 2 3 5 7 9 10 11 12 14 15 17 20 22 26 27 28 30 31 39 41 43 48 52 54 57 60 62 63 64 68 70 71 72 74 75 78 79 80 82 83 84 90 91 93 94 100 102 103 107 110 113 114 116 117 121 122 123 124 465
2 3 4 5 6 7 9 13 14 15 18 23 28 30 31 32 33 34 36 38 40 41 43 44 45 46 47 49 50 51 58 59 60 66 69 72 74 76 83 84 86 87 89 91 92 93 94 95 96 97 99 100 101 102 105 107 109 114 115 119 120 122 124 125 126 466
2 3 5 6 7 8 16 17 18 20 21 23 24 25 26 32 38 40 41 42 44 45 46 47 49 50 51 52 53 54 65 67 69 71 77 80 84 85 88 92 94 96 97 101 102 103 104 106 107 110 111 112 115 118 120 122 127 467
2 3 5 8 9 13 16 17 18 19 22 23 27 29 30 31 34 35 36 37 39 41 43 44 45 46 47 52 54 55 56 65 72 73 79 80 82 84 85 86 89 93 97 98 101 102 106 107 110 111 112 113 114 115 116 117 122 124 127 468
1 3 4 7 9 14 15 19 23 24 28 30 33 40 41 42 47 51 52 53 54 60 61 66 67 68 70 72 73 75 76 78 81 82 85 90 92 93 94 95 98 99 102 103 104 109 110 111 112 113 114 119 126 469
1 2 3 4 5 6 11 13 15 16 17 18 19 20 21 22 23 24 27 29 30 32 33 38 39 45 50 51 53 55 59 61 62 66 67 68 71 75 76 81 82 85 87 89 91 94 95 96 97 98 99 102 104 105 107 112 113 114 119 120 125 126 127 470
0 1 3 5 11 14 15 16 18 21 22 23 25 26 29 32 33 34 35 36 37 41 43 44 46 47 48 49 51 52 54 55 56 57 58 59 61 63 64 66 67 69 70 71 73 74 80 83 91 93 94 96 100 104 106 108 109 114 115 117 118 121 122 123 124 126 127 471
5 6 8 11 12 13 23 24 25 32 33 34 36 37 39 40 43 45 46 47 48 49 51 52 53 56 57 61 62 65 67 69 70 71 73 76 78 79 80 81 86 91 92 94 98 99 101 102 104 106 107 108 110 114 115 118 119 120 122 123 124 472
0 1 2 3 5 6 8 9 13 14 15 17 19 25 28 29 31 32 35 36 37 41 43 45 48 52 53 55 56 58 59 63 66 67 68 69 70 71 73 76 79 80 84 85 87 88 90 91 92 93 94 96 97 99 102 103 105 106 108 110 113 115 118 119 125 473
0 1 4 6 8 10 13 14 16 23 25 26 27 29 30 31 32 33 36 38 40 42 45 46 47 51 52 53 54 56 57 58 59 60 68 69 71 74 77 79 80 81 82 85 87 89 90 92 93 94 95 96 97 100 102 104 105 106 107 108 109 110 112 116 119 121 124 126 127 474
3 8 9 12 15 16 18 19 20 21 22 24 27 28 31 32 33 35 36 37 39 40 41 42 43 44 48 52 53 54 56 57 60 62 65 66 67 72 73 76 77 79 82 85 86 89 90 93 94 96 101 103 107 113 115 117 121 123 126 475
0 3 4 6 7 8 11 14 15 16 18 19 22 26 30 33 35 36 39 40 42 44 46 49 50 55 56 59 60 61 62 65 66 68 69 71 73 74 75 78 79 81 83 85 86 88 92 94 95 96 98 100 102 104 107 114 115 117 119 122 124 126 127 476
0 1 3 4 5 10 11 12 13 14 17 18 20 22 24 26 27 29 30 31 35 37 38 40 44 47 51 53 54 59 61 62 63 64 71 76 80 82 86 87 88 92 93 94 95 97 99 100 102 106 112 115 116 117 121 123 124 126 127 477
1 2 3 4 5 6 9 10 13 14 16 17 19 20 21 23 27 28 29 30 35 36 37 38 40 41 42 43 44 46 50 52 53 54 56 57 58 60 61 62 65 66 67 69 73 76 77 78 82 84 87 88 89 92 94 95 97 99 101 102 109 110 111 112 113 114 116 117 120 125 126 478
4 6 7 8 10 11 12 14 15 16 17 18 20 24 25 27 28 32 36 37 40 42 46 48 50 52 53 58 59 62 64 66 67 69 74 75 77 78 79 80 81 82 84 86 88 90 92 94 95 97 98 102 104 106 108 109 110 111 113 115 118 120 123 124 127 479
0 3 4 5 6 12 13 14 15 16 17 18 21 22 25 28 29 30 34 38 42 43 44 45 48 54 56 57 63 67 72 74 77 80 83 84 89 90 92 93 96 97 99 103 104 105 107 111 112 113 114 116 119 122 123 126 127 480
0 4 5 6 7 9 11 16 17 18 19 20 21 22 23 26 28 29 32 38 39 42 45 48 49 50 51 53 55 59 61 64 66 67 69 71 73 74 77 79 86 87 89 91 92 94 95 97 98 99 101 102 103 104 107 110 115 116 118 122 123 126 127 481
2 3 7 8 9 10 15 18 20 21 24 28 29 31 32 34 36 37 39 42 43 46 47 50 52 54 56 57 58 59 62 63 64 66 67 68 71 72 73 76 78 80 81 85 86 87 91 93 96 99 106 107 108 109 111 113 114 115 116 117 118 120 121 124 126 482
0 1 3 4 7 8 9 14 16 18 21 22 23 24 25 26 27 28 29 30 36 37 38 42 43 45 46 47 48 50 51 53 54 55 60 61 66 68 69 71 72 73 74 75 78 79 80 81 84 85 87 88 93 94 95 97 98 100 101 106 108 109 110 113 115 116 119 122 123 124 125 126 127 483
0 2 3 8 11 12 13 14 16 17 19 20 21 22 25 30 33 34 35 36 37 39 40 41 42 44 45 46 47 49 50 51 56 57 60 62 63 64 66 67 68 69 70 74 78 79 80 81 82 86 87 88 91 95 96 97 98 99 101 103 104 105 107 109 113 117 118 119 123 126 127 484
0 2 4 6 9 10 12 13 15 16 18 19 20 22 24 26 27 28 29 32 34 37 38 40 42 43 44 46 47 48 51 57 58 59 60 61 63 66 67 68 70 71 72 73 75 81 82 85 87 88 90 91 92 95 98 99 101 103 104 111 112 115 119 120 121 126 127 485
3 5 8 12 15 19 22 23 24 27 32 34 35 36 39 44 46 48 50 51 53 54 55 56 57 58 61 62 66 67 71 73 75 76 78 83 86 90 92 93 94 103 106 107 108 115 117 118 122 123 125 486
0 2 5 6 7 9 14 15 16 18 20 21 22 25 26 27 29 30 33 36 38 39 41 42 43 45 48 50 52 53 56 59 62 63 65 66 68 70 71 73 76 77 85 87 90 91 92 95 96 97 98 99 104 105 106 107 110 112 116 117 118 119 120 121 122 487
0 3 4 8 11 12 14 17 18 19 21 23 24 25 26 28 30 31 37 40 44 46 48 49 51 54 56 57 58 59 60 61 62 65 69 71 72 73 74 76 77 79 80 85 88 89 90 91 93 94 95 96 97 100 102 104 107 109 111 112 114 118 119 120 123 124 126 488
3 8 15 18 20 22 24 26 27 28 31 34 37 40 41 42 46 47 49 53 54 55 58 59 60 61 63 64 65 66 67 68 70 72 73 74 76 77 78 81 83 88 90 93 94 95 99 100 105 106 109 112 114 116 118 119 120 122 123 489
0 5 6 7 9 10 11 12 13 15 16 18 20 21 22 28 29 30 31 32 36 37 38 39 41 42 43 45 47 48 51 53 54 56 58 59 60 64 67 68 70 72 75 76 78 79 82 83 88 89 90 93 94 95 96 98 100 101 102 104 106 108 111 112 113 117 120 121 122 123 125 126 127 490
0 2 3 4 6 8 10 14 15 17 18 20 21 22 26 27 29 30 33 34 35 38 39 40 41 43 44 46 50 51 52 53 56 57 60 61 63 64 66 69 72 73 74 75 76 77 80 81 82 83 85 87 89 90 92 94 95 96 102 103 112 113 116 117 119 120 124 126 127 491
2 5 9 11 15 16 17 20 21 22 23 24 25 26 27 29 36 39 43 46 48 55 57 58 61 62 63 64 67 68 69 70 73 75 78 79 84 87 88 89 95 97 98 100 103 104 107 109 112 117 121 125 126 492
0 1 3 5 7 8 13 16 17 19 20 21 22 23 24 26 29 31 32 36 37 40 41 46 47 48 49 50 53 57 59 60 65 70 71 72 74 77 80 82 85 86 87 88 91 92 93 96 97 99 100 101 102 104 106 108 109 111 113 115 122 123 124 125 127 493
1 2 6 8 9 11 13 17 20 21 22 24 25 27 28 30 32 37 39 40 42 43 44 45 46 48 49 50 51 52 61 64 65 66 67 71 76 80 81 84 87 89 92 93 94 96 97 103 104 105 107 108 111 115 116 118 120 121 122 494
1 5 13 18 20 28 30 31 34 35 36 37 39 42 43 44 46 47 49 53 56 58 59 60 63 64 66 69 72 74 76 80 83 85 86 88 90 91 93 94 95 97 99 102 104 105 108 110 114 117 121 495
2 4 5 7 10 13 14 15 16 19 24 26 27 28 29 32 33 35 39 44 46 47 48 50 52 61 62 65 68 71 74 75 76 78 79 81 82 83 84 85 87 89 90 91 92 93 94 98 100 103 104 107 109 112 113 114 116 118 122 123 124 125 126 496
4 8 13 15 17 18 23 24 26 28 30 31 33 36 38 39 43 46 47 48 49 50 51 55 59 61 62 67 68 70 72 74 75 76 78 79 80 81 82 84 87 88 89 90 98 99 101 103 104 105 106 107 109 111 112 114 115 117 118 120 122 126 127 497
0 1 2 4 5 6 8 9 10 12 15 17 18 19 20 22 23 24 25 27 30 31 32 33 35 39 40 42 43 47 48 50 51 52 54 55 57 58 60 62 63 65 66 67 70 72 73 75 79 83 84 87 88 89 90 93 95 99 104 107 109 110 113 118 119 120 121 123 125 498
1 2 7 14 17 19 21 22 27 28 29 30 32 33 34 35 37 38 42 45 46 49 51 53 54 56 57 58 59 62 65 66 68 69 71 72 73 74 75 76 78 79 80 81 83 84 86 87 88 90 92 96 98 99 105 111 114 117 120 123 126 499
2 6 8 10 12 14 17 18 21 23 24 27 29 31 32 36 38 39 41 45 46 48 50 52 53 54 55 56 58 59 61 62 63 67 75 76 77 79 83 86 88 90 91 92 93 94 95 96 98 102 104 106 107 108 109 111 112 115 118 119 125 500
0 1 3 5 6 8 9 11 12 13 14 15 16 17 18 19 20 22 23 24 26 28 33 34 35 37 42 49 52 55 58 59 66 68 69 71 73 74 76 77 81 82 84 85 87 89 92 94 96 97 98 100 103 104 107 112 113 114 115 117 118 119 121 124 127 501
0 1 2 3 4 5 12 14 15 19 22 24 28 30 31 33 35 36 38 39 40 42 43 44 45 47 48 49 53 54 56 57 59 63 65 67 70 77 82 83 85 87 88 90 91 92 95 96 97 99 100 104 106 107 114 117 119 120 121 122 123 502
0 1 2 4 5 6 7 14 15 16 17 21 24 26 27 29 31 32 33 35 36 38 41 42 43 44 47 50 51 53 57 60 61 67 68 69 73 76 78 80 81 82 84 85 86 87 89 90 94 97 102 108 111 113 116 117 119 123 126 503
0 2 3 5 6 7 10 18 19 24 27 30 31 33 36 37 38 39 40 42 43 45 46 47 48 49 58 60 61 63 66 69 70 71 75 76 78 79 81 82 83 84 85 88 89 91 92 98 99 100 105 106 108 111 113 114 117 121 127 504
2 3 4 5 10 12 15 18 20 23 24 26 27 30 31 32 33 34 35 36 37 39 42 46 51 52 53 54 60 63 64 68 71 72 73 76 78 80 83 86 87 88 91 93 94 96 97 100 102 104 106 107 109 110 112 113 118 121 125 126 127 505
1 2 4 5 6 8 10 11 12 15 16 18 20 27 28 31 32 33 36 39 43 44 46 47 50 51 52 57 58 60 61 63 64 66 69 70 71 73 76 80 85 86 91 94 95 96 97 100 104 105 107 108 109 110 112 113 114 116 118 121 122 126 127 506
0 1 4 7 9 10 13 17 19 21 26 27 28 29 30 31 34 35 36 37 40 41 42 47 48 50 52 54 55 58 59 61 64 67 68 70 74 75 83 87 88 89 90 91 92 94 97 101 102 104 110 118 119 120 121 122 124 125 126 507
2 6 9 12 15 16 17 18 20 21 22 24 25 26 28 30 31 33 36 40 41 42 45 46 47 49 50 51 55 56 57 61 66 71 72 73 74 75 76 77 79 80 90 91 92 94 105 109 113 117 120 121 122 124 125 126 127 508
1 4 5 9 11 13 14 18 20 21 25 27 31 33 34 38 40 41 43 44 46 48 49 50 56 57 60 63 68 69 70 72 74 75 78 79 80 81 82 84 86 87 89 90 92 95 96 99 101 104 105 107 108 110 112 114 115 117 120 121 123 125 127 509
0 1 2 3 4 6 8 10 11 19 24 27 28 31 32 33 34 35 37 38 42 46 47 48 49 50 51 52 54 55 57 60 63 65 67 69 72 73 74 75 78 80 81 83 84 85 90 95 97 99 100 103 104 105 106 107 108 110 111 112 118 119 120 121 123 124 126 510
11 49 65 75 86 88 127 511