4 68 116 123 310 317 329 392
135 269 279 286 408 432 463 477
149 261 270 355 433 465 472 493
53 82 130 175 222 237 315 408
34 167 205 232 246 303 319 417
12 96 195 299 331 404 458 479
91 99 196 207 288 335 418 437
35 64 177 205 219 276 310 338
65 121 182 340 377 385 426 484
5 19 43 140 267 346 364 468
38 184 194 239 289 412 438 466
3 87 321 349 407 459 493 505
66 95 378 391 397 445 470 504
25 149 173 213 225 237 413 473
103 125 144 181 244 258 264 445
108 189 272 302 316 340 431 471
8 119 128 179 275 306 313 427
30 52 94 135 169 307 325 401
15 42 62 197 274 304
46 168 173 213 223 268 300 348
221 251 331 353 363 384 468 492
63 73 120 121 125 201 226 342
9 27 291 413 420 425 450 486
165 214 228 247 452 461 462 504
31 41 64 271 294 421 446 453
2 73 108 125 274 341 420 439
16 104 141 215 262 278 379 442
44 136 182 189 194 283 340 408
0 105 171 350 378 423 471 508
206 262 446 459 467 473 482 500
159 203 273 278 352 392 409 456
41 106 177 203 214 235 378 504
135 168 217 260 283 435 470 492
25 68 148 228 270 298 385 484
40 203 231 236 284 292 413 418
16 48 171 237 299 394 477 501
35 98 107 181 198 326 374 479
129 155 250 268 353 357 429 503
14 36 58 60 105 258 260 366
4 25 112 250 282 285 389 424
35 37 90 173 229 329 356 361
110 156 168 174 271 490 492 510
33 187 206 277 427 433 475 479
86 157 187 215 253 317 399 485
11 80 139 155 254 314 402 457
62 204 212 290 306 342 375 423
1 13 129 131 248 373 442 491
191 293 296 304 378 395 396 499
57 59 65 73 85 267 291 434
55 89 103 245 354 387
45 111 233 366 393 450
3 53 112 157 362 374 398 508
59 81 140 203 285 331 353 464
19 87 97 139 145 216 218 407
113 124 134 153 313 372 450 461
34 45 148 226 254 280 411 501
5 111 201 261 289 318 352 445
41 71 86 122 157 169 464 499
33 86 216 324 343 354 402 495
57 59 74 201 211 450 481 490
27 161 251 313 394 397 410 448
58 128 147 178 286 354 400 425
100 122 374 390 412 425
9 79 208 232 265 389 454 473
24 100 188 222 300 429 452 475
16 44 101 237 284 411 418 462
39 46 69 76 193 337 377 384
112 115 129 275 334 355 375 399
41 43 102 180 211 316 334 396
28 50 89 109 196 204 321 415
8 178 205 248 258 351 451 504
118 154 192 256 384 435 451 455
63 175 231 368 478 495
0 22 33 38 58 116 216 494
56 78 89 166 207 282 371 375
100 119 143 146 280 332 363 483
31 101 146 172 173 352 466 507
7 75 212 302 311 414 422 452
13 47 127 154 181 221 406 447
102 272 326 339 398 455 493 503
96 127 205 235 272 306 312 463
73 97 169 185 314 329 445 499
36 53 59 99 139 143 240 435
46 162 163 358 371 424 446 471
0 36 48 59 101 177 323 473
19 88 171 225 245 322 337 397
68 139 178 183 213 263 481 490
88 131 140 145 151 167 317 498
46 245 286 311 323 343 439 449
245 259 272 325 361 406 415 441
102 106 156 268 285 295 345 430
207 239 341 401 424 427 471 499
14 20 50 125 185 252 301 434
8 273 305 309 366 443 446 491
26 34 59 263 412 450 480 498
75 77 132 144 148 152 283 415
5 159 177 185 207 215 448 480
14 58 63 151 171 202 312 412
78 202 314 318 376 487
147 172 182 319 386 403 491 507
67 77 142 227 277 305 390 392
70 165 184 229 325 345 368 388
90 99 238 413 425 474 481 500
163 176 224 275 311 437 444 470
31 93 111 126 156 192 340 410
6 18 121 452 465 483 489 496
134 206 261 302 308 325 401 487
90 204 233 270 313 399 403 488
17 43 68 94 101 154 508 511
24 72 108 152 220 254 269 489
118 172 240 265 281 306 410 416
1 65 264 383 414 415 489 506
103 138 250 274 308 375 506 510
16 71 247 263 265 273 379 417
111 124 185 206 268 287 426 485
1 8 74 195 259 362
107 109 193 221 284 305 330 482
7 101 153 214 276 391 393 442
76 123 166 217 253 365 381 456
86 138 190 382 388 394 486 498
130 243 245 285 295 324 356 504
20 108 162 242 278 345 374 502
54 96 115 157 225 235 322 381
11 72 80 179 198 396 449 494
38 115 130 248 273 390 451 481
9 98 212 350 373 393 443 444
21 156 222 323 355 399 442 462
26 87 144 251 337 376 405 483
34 161 164 263 347 351 464 492
244 252 296 301 307 332 409 454
70 146 149 241 249 303 387 506
23 35 182 234 255 314 360 427
119 210 304 413 453 462 504 508
14 91 215 302 380 387 460 464
18 123 159 200 246 309 395 487
7 69 108 122 140 377 386 494
76 91 290 298 322 379 388 497
104 147 190 230 359 369 398 402
42 67 85 116 138 214 242 354
28 56 117 120 184 386 480 503
16 36 74 197 274 397 402 474
7 38 42 163 218 277 283 308
36 63 236 267 287 339 363 380
61 153 157 214 269 387 406 441
30 64 67 184 270 349 414 484
20 63 104 123 167 304 313 405
98 137 145 196 233 344 442 507
29 55 105 187 240 244 356 498
99 101 150 276 357 425 439 472
15 75 152 167 223 420
2 4 128 170 213 260 436 478
33 49 70 82 83 127 241 463
70 114 208 227 377 404 496 501
38 48 76 137 224 382 387 388
52 54 79 184 186 328 423 455
94 184 211 249 273 304 366 396
39 74 133 193 235 242 294 301
11 51 141 180 239 417 418 420
133 158 249 280 355 415 455 474
103 190 287 303 318 324 476 500
12 76 120 278 356 385 424 425
7 131 208 348 357 428 445 477
78 121 276 360 395 407 474 484
28 47 183 318 324 376 448 476
60 86 87 228 259 294 323 357
38 67 85 144 280 332 436 440
126 143 235 244 307 428 430 491
145 168 186 295 310 314 326 375
102 110 149 310 349 359 370 441
62 220 265 304 377 383 451 466
39 180 196 197 234 357 460 475
10 69 109 176 231 236 299 463
4 53 279 297 322 323 417 430
125 148 179 188 198 288 454 502
44 56 200 226 360 363 468 478
79 284 285 344 413 421 467 505
63 72 112 209 213 241 376 441
13 64 79 95 218 280 330 452
92 185 282 299 352 403 457 506
24 36 194 207 256 359 429 438
126 129 142 151 198 414 471 505
132 150 200 290 297 333 400 407
117 121 180 192 266 269 346 409
2 17 44 96 317 348 419 497
43 177 220 228 233 319 347 483
47 96 137 238 376 405 427 478
37 47 71 153 293 327 407 453
18 175 227 322 364 392 400 493
3 41 64 228 241 312 419 484
32 77 92 100 305 312 317 409
15 25 37 260 324 408 415 507
61 91 172 204 215 271 327 429
117 219 331 334 360 366 422 458
13 21 44 207 301 354 414 501
104 267 316 418 464 465 469 488
84 202 206 226 291 369 370 498
140 288 289 345 376 397 435 499
61 92 232 281 297 387 447 457
10 146 162 198 218 251 255 506
191 193 403 409 437 507
42 52 61 62 165 238 271 379
19 31 85 171 192 336 368 394
53 134 194 343 367 382 424 438
3 147 235 266 344 362 447 466
159 183 276 293 330 334 404 459
127 232 254 275 303 395 432 503
10 55 64 69 176 189 204 381
24 77 132 259 295 342 417 480
32 128 330 351 404 434 446 460
86 133 141 195 209 261 293 463
74 132 167 234 344 373 383 461
174 210 226 230 243 264 291 475
11 77 92 209 233 264 438 447
72 164 191 308 342 366 381 464
56 124 252 266 373 380 419 422
161 166 231 243 305 370 422 490
9 17 40 49 162 336 338 500
18 40 45 47 83 265 276 327
27 181 270 288 339 465
82 123 172 189 223 320 403 454
66 143 150 163 200 420 444 455
5 12 256 320 342 347 405 443
16 60 83 131 189 310 329 421
133 146 341 371 372 389 435 443
5 136 147 200 206 373 381 430
54 152 155 187 225 234 298 416
5 149 217 242 281 301 302 454
159 160 188 230 318 363 405 460
23 137 196 230 328 356 364 468
93 144 158 213 250 272 333 394
124 218 279 292 335 369 383 510
34 40 263 362 411 431 469 485
249 256 261 279 303 341 351 483
2 110 148 208 233 248 509 511
21 27 80 105 158 265 398 491
24 104 222 358 389 390 393 461
2 82 138 224 253 315 319 437
26 84 163 175 311 337 402 424
7 12 41 93 173 232 234 264
121 151 177 215 242 334 457 489
27 152 217 229 252 335 419 436
3 60 112 169 174 278 348 432
113 282 308 325 338 346 363 488
17 155 210 250 289 335 370 495
43 127 339 342 347 365 486 490
39 42 49 99 250 286 312 435
0 10 12 49 145 278 327 349
23 133 185 234 306 312 440 458
85 120 133 136 163 165 170 422
57 128 137 219 291 368 416 421
45 225 369 393 396 408 421 428
54 105 176 203 320 371 480 497
39 57 183 227 253 395 499 500
4 160 336 384 386 431 439 494
80 179 195 309 362 472 473 511
48 94 97 138 191 357 422 449
1 37 126 200 331 398 474 476
29 168 196 212 262 296 315 492
66 118 143 231 301 329 458 495
19 69 122 208 249 292 381 416
9 102 178 217 221 282 453 473
79 94 137 162 248 251 372 456
72 167 245 252 290 338 404 466
141 156 195 335 336 374 382 402
6 257 294 327 367 375 419 426
107 110 115 161 178 378 426 497
23 78 83 126 127 190 211 283
138 158 166 175 179 329 399 405
83 116 180 202 239 292 444 502
45 182 198 314 370 386 475 505
18 197 216 262 321 432 459 467
8 97 129 223 232 238 449 485
30 109 183 208 300 307 469 510
55 201 244 295 371 411 431 488
17 61 123 205 214 268 438 469
49 110 240 251 315 318 429 501
2 23 92 230 341 347 360 407
71 136 164 258 328 399 453 507
40 60 105 132 148 176 412 487
67 68 85 96 118 179 194 433
12 134 136 141 151 292 295 430
3 26 175 199 280 309 340 450
56 82 116 161 247 257 333 474
20 31 106 281 286 351 390 433
95 132 149 164 183 224 403 448
28 51 58 145 344 346 468 508
14 140 195 223 254 255 279 283
107 253 260 396 401 443 462 511
30 81 142 350 358 436 454 479
61 62 99 296 307 319 465 511
32 131 326 343 350 388 477 496
30 37 160 238 372 389 410 433
53 84 129 153 170 230 346 348
13 178 192 228 277 353 393 406
9 151 170 191 261 335 359 436
6 81 106 136 270 343 432 503
31 90 139 243 257 309 421 434
93 128 134 197 379 443 457 462
52 135 155 287 289 323 362 369
6 21 158 361 458 486 497 506
29 106 110 190 281 308 486 494
33 51 90 114 165 219 247 373
118 139 188 259 358 412 449 456
75 81 227 229 273 333 364 476
88 160 187 341 406 478 490 510
51 66 144 164 181 186 321 374
28 30 51 82 239 346 352 476
6 14 39 50 243 255 275 465
60 120 216 229 246 286 354 400
27 72 112 227 299 328 352 458
100 107 169 216 255 336 365 437
19 54 98 160 173 347 395 469
33 47 49 97 211 269 368 452
25 134 249 258 311 351 367 447
106 147 170 209 279 310 327 398
62 131 165 311 326 384 385 408
0 22 55 84 298 313 446 460
37 55 104 220 275 298 414 428
34 51 187 236 320 360 432 470
73 78 271 281 406 420 439 481
15 80 154 166 241 321 368 487
193 212 259 274 369 383 400 451
52 70 75 160 237 321 367 440
73 119 154 221 409 481 488 500
32 46 239 256 392 434 453 487
21 29 89 95 212 254 307 451
89 113 124 201 226 325 361 460
78 130 142 293 296 309 448 485
4 91 169 246 336 353 390 502
17 67 197 284 297 317 380 466
0 102 126 231 292 315 423 436
10 119 186 337 356 379 469 497
43 87 94 162 285 496
114 115 161 202 210 361 389 449
45 157 188 257 355 431 495 510
20 22 120 221 238 355 364 426
21 48 166 191 201 298 338 358
22 65 80 135 190 257 472 511
40 170 186 266 316 365 388 410
103 210 222 277 302 440 478 509
46 71 108 124 142 236 391 479
8 28 288 296 300 316 339 502
11 114 199 371 401 411 423 502
10 29 95 153 159 267 300 343
103 119 244 284 392 404 475 494
189 199 220 377 429 477
23 204 252 262 294 333 348 496
20 109 130 158 188 247 269 358
57 71 419 438 444 461
79 88 107 122 154 241 300 493
13 143 152 182 260 294 476 485
76 109 209 272 345 372 397 477
25 65 257 293 333 380 468 503
84 142 155 181 199 223 459 461
32 202 263 383 423 426 440 482
210 224 225 282 378 445 471 482
22 42 100 141 256 287 338 505
52 68 224 240 367 439 441 480
74 88 171 243 303 349 370 459
1 26 35 113 114 264 305 411
1 87 174 236 337 418 483 493
115 168 186 266 274 394 410 427
57 89 90 271 416 417 470 479
24 98 146 180 340 365 463 470
135 172 297 339 350 367 472 492
205 237 262 288 332 359
6 22 69 242 324 328 437 440
58 156 199 289 290 334 365 444
91 113 277 332 349 441 467 501
48 125 217 248 331 372 431 498
29 35 44 93 164 247 350 384
66 88 118 219 222 328 353 456
11 70 130 315 345 505
84 199 229 306 319 322 361 508
98 114 219 290 359 401 416 495
75 95 203 268 326 455 456 486
122 176 240 386 433 472 482 488
54 83 117 391 430 482
92 192 287 316 320 364 391 447
32 65 113 220 266 297 391 442
26 50 66 97 150 209 491 496
18 56 77 194 218 255 380 448
93 211 253 258 291 344 400 434
116 193 267 299 320 332 457 484
11 49 65 75 86 88 127 511