0 2 3 4 7 8 9 10 11 13 14 16
2 3 5 8 10 12 14 17
3 4 5 6 7 8 10 11 12 14 15 18
0 3 4 14 15 19
0 1 4 5 15 20
0 1 5 7 11 12 13 14 15 21
1 2 5 6 7 8 9 10 11 12 13 14 15 22
0 2 4 6 7 10 11 12 13 14 15 23
0 5 6 9 10 11 14 24
11 13 15 25
0 1 2 5 8 9 11 26
5 6 7 8 9 11 12 13 14 27
1 3 4 7 8 9 10 12 14 28
2 7 8 10 12 13 15 29
0 1 4 5 6 7 8 10 12 13 15 30
0 1 2 3 4 5 8 9 11 31
3 8 9 12 13 14 15 32
0 2 5 6 12 13 14 33
0 3 4 7 9 10 11 12 13 14 15 34
0 2 5 6 8 9 10 11 14 35
0 1 4 5 6 7 14 36
0 2 6 8 9 12 14 37
2 5 9 10 15 38
0 1 2 4 6 8 13 14 15 39
2 3 4 6 7 12 13 40
0 4 9 11 12 13 15 41
1 3 4 7 10 11 13 42
2 5 8 10 11 12 14 43
5 6 9 11 13 14 15 44
2 5 7 9 10 11 12 13 14 45
0 1 2 3 4 7 10 14 15 46
1 3 9 11 14 47
0 2 3 4 6 9 11 12 14 48
1 2 5 6 8 10 11 49
0 2 4 5 6 8 10 12 15 50
0 1 2 3 6 8 9 10 11 13 15 51
1 3 4 6 7 10 15 52
0 1 3 6 9 10 13 53
0 1 6 7 8 9 10 11 12 13 15 54
0 2 3 4 5 6 8 9 10 14 15 55
0 1 4 5 7 12 13 56
0 1 2 3 7 8 9 57
0 1 4 6 9 11 14 58
0 1 2 3 6 8 9 10 11 14 15 59
0 4 5 10 11 12 14 60
0 2 4 5 7 9 10 11 14 61
0 1 4 5 14 62
2 4 10 11 12 13 14 63