2 7 23 27 42 48 54 61
3 7 29 34 52 59
7 15 22 24 33 40 42 43
5 7 16 36 39 44 45 48
10 16 22 32 38 39
13 14 19 20 30 35 40 44
1 12 33 48 50 51
7 19 22 32 38 58
3 4 14 27 35 45 47 62
0 5 8 25 27 31 43 52
1 2 5 17 23 42 47 59
0 15 21 23 28 31 34 53
2 8 13 35 36 44 55 57
3 11 12 22 33 38 50 52
0 2 9 21 39 40 49 53
10 13 24 30 32 42
11 16 24 29 32 37 38 41
3 8 9 12 18 19 49 57
2 9 12 18 24 31 41 56
16 25 27 43 46 48 57 63
8 15 21 29 30 38 54 62
30 31 37 43 49 51 60 61
10 25 39 46 55 61
6 9 15 26 36 49 55 57
19 32 38 53 59 60
0 4 6 28 34 50 62 63
4 14 34 37 45 51 62 63
1 6 9 11 21 36 37 39
6 23 33 35 42 50 53 60
6 24 31 35 52 55 57 58
6 9 20 21 33 34 46 56
4 12 13 24 29 30 56 61
2 3 11 16 34 51 58 63
1 5 11 17 37 40 45 62
1 23 26 28 35 50 53 60
11 25 41 43 49 58
1 7 18 20 41 55 60 63
0 5 12 39 54 61
14 21 29 43 47 50 59 62
16 33 37 51 54 60
19 20 22 23 41 58 59 63
8 13 20 25 42 46 53 55
27 28 30 32 40 48
3 29 46 47 52 54
4 10 27 44 51 54 58 59
0 4 13 22 31 46 47 48
8 18 20 25 40 41 56 61
5 19 47 49 52 57
2 4 10 11 12 13 14 63