100 116 275 307 456 488 504 511
19 111 318 455 517 665 779 933
69 224 557 633 635 715 902 922
9 197 359 531 688 754 765 911
93 110 287 513 662 733 939 1020
176 361 405 468 573 724 889 914
34 48 177 241 305 733 844 916
43 173 179 480 485 553 760 1018
25 120 374 385 417 444 683 916
22 244 384 416 512 837 967 1004
15 43 75 133 164 445 509 789
36 337 671 693 722 846 853 999
122 128 141 157 388 456 521 590
104 164 166 168 469 633 695 705
38 43 184 515 642 667 678 912
15 158 190 286 428 781 823 833
68 432 586 731 732 797 841 906
289 538 639 762 798 833 845 853
223 315 367 386 474 521 606 840
183 307 330 481 497 571 595 832
146 226 340 688 694 772 789 885
128 320 349 479 584 634 803 997
178 211 274 366 691 776 814 914
25 236 255 323 376 510 648 994
8 130 188 221 475 553 857 907
285 335 407 431 549 854 921 945
105 175 240 385 387 439 496 896
197 338 665 705 880 931 1002 1018
114 183 221 380 484 562 576 1021
111 135 266 391 542 673 701 997
118 270 589 600 936 949 950 997
83 118 139 149 306 472 576 931
115 484 541 580 660 753 782 953
147 150 196 219 325 729 823 1015
95 123 212 294 354 451 947 1008
116 225 253 372 503 690 841 941
92 132 508 575 615 618 906 956
137 145 400 484 535 575 833 912
120 154 221 453 716 770 861 963
299 303 378 509 697 730 802 923
13 173 663 739 744 766 933 1007
24 33 244 320 418 480 538 626
79 683 891 892 917 931 998 1008
81 189 234 404 703 788 991 1014
405 406 483 641 712 819 843 908
288 552 643 653 813 822 859 995
106 347 393 451 574 577 595 1003
12 72 350 511 516 545 806 937
20 187 210 253 369 757 804 816
126 281 383 649 677 711 763 910
445 526 535 572 623 625 694 846
11 292 454 467 508 534 861 1012
124 226 247 424 743 767 843 898
105 128 198 516 630 655 765 970
154 284 299 505 604 657 691 949
258 297 602 616 663 759 839 888
258 399 454 498 538 699 720 944
77 91 597 629 657 760 792 993
42 159 372 664 700 714 807 926
17 35 272 357 377 725 902 907
8 86 157 246 272 348 411 788
90 134 257 354 672 723 864 974
98 277 341 427 623 680 734 971
30 155 492 562 607 682 806 882
259 312 436 605 703 897 922 999
15 146 519 661 690 739 782 800
80 210 216 374 563 668 933 1023
280 398 408 438 485 496 816 992
20 526 551 680 864 913 942 975
55 194 226 244 646 734 828 830
46 54 177 254 529 617 641 852
113 209 319 564 752 836 993 1015
72 96 285 476 620 762 952 973
192 470 476 750 761 870 934 965
368 484 487 530 555 800 863 924
93 168 746 817 867 905 953 1015
0 89 317 386 399 829 918 978
62 126 190 206 254 497 751 1021
37 51 167 183 231 431 598 805
82 132 205 319 346 400 677 777
50 206 268 286 425 463 652 673
173 330 332 356 367 546 684 742
40 214 402 585 681 804 897 952
33 273 297 439 452 477 511 534
43 89 401 442 610 676 757 1011
2 58 162 187 263 317 490 584
3 134 160 187 689 783 901 964
171 215 295 403 571 627 911 951
117 130 278 415 565 641 680 722
1 184 205 628 673 832 849 998
71 202 229 231 355 549 729 764
142 336 401 533 635 690 975 1020
0 48 105 245 519 561 735 747
231 296 347 478 558 678 709 956
219 223 301 430 482 519 934 951
199 313 369 507 777 919 948 999
4 56 101 319 355 507 876 1019
491 500 564 835 860 865 927 964
15 122 178 222 347 651 865 1014
243 410 585 592 607 802 827 1014
107 236 392 396 606 634 726 1008
25 80 180 459 547 591 634 783
102 260 267 301 555 705 944 969
13 322 434 551 675 927 941 982
10 17 40 56 458 626 779 900
7 50 101 129 404 496 848 948
42 51 107 209 215 395 653 674
13 64 270 394 530 636 786 805
6 191 227 280 392 648 825 978
90 257 654 717 729 771 925 948
4 79 91 206 286 287 388 886
40 52 404 467 539 773 939 980
7 245 563 572 589 658 662 885
0 182 214 386 512 657 662 959
62 77 102 288 321 414 859 891
180 181 329 423 559 648 765 812
290 298 508 516 541 687 719 1012
71 273 392 424 543 926 954 964
4 127 314 335 546 565 865 929
79 87 329 415 474 533 747 790
260 338 689 747 770 778 882 1009
387 452 470 648 653 669 824 960
121 316 402 638 732 738 912 916
63 125 424 555 556 559 865 942
60 86 90 109 311 483 591 694
39 182 522 640 650 853 865 893
11 84 99 112 728 736 909 980
17 62 115 303 364 416 455 911
64 148 440 564 582 621 665 808
30 387 432 543 754 824 842 865
97 126 156 185 280 464 589 772
128 192 264 763 784 965 1005 1012
267 396 542 667 715 733 936 1023
56 77 221 276 294 406 657 790
133 169 205 206 381 443 702 714
309 503 640 695 740 766 877 904
52 123 298 619 722 827 955 987
170 200 257 422 476 632 754 903
535 587 635 636 823 880 921 925
544 593 606 628 811 842 932 1021
41 346 617 781 872 943 1003 1009
54 148 247 308 678 863 887 909
82 152 322 387 453 467 510 1011
12 31 32 450 582 817 888 913
31 420 464 525 588 848 884 994
190 213 445 460 483 565 620 824
151 195 215 432 578 704 855 856
81 120 175 217 462 484 512 846
42 298 534 782 840 843 922 1004
99 165 523 682 810 879 972 1019
53 272 350 372 716 785 873 986
36 94 393 463 598 603 622 1015
289 318 370 380 709 736 808 933
11 134 183 193 376 439 461 877
113 155 232 498 748 794 903 941
6 221 292 456 462 777 793 979
130 258 452 492 618 651 652 804
98 620 668 773 819 884 892 986
104 161 166 220 416 611 664 683
35 164 301 337 655 814 918 958
111 117 134 346 435 478 490 736
3 618 851 876 891 910 950 1017
4 16 26 429 446 659 660 710
98 111 196 223 394 431 608 670
85 177 190 348 481 706 733 929
218 293 312 371 392 471
17 295 306 340 406 410 475 823
203 209 359 466 713 869 917 948
0 110 357 500 590 655 922 1008
68 109 116 421 440 584 698 1013
37 143 155 202 324 572 858 934
242 268 519 567 596 638 756 777
203 322 565 601 717 839 903 959
297 335 469 507 581 641 659 786
2 181 331 577 674 772
22 181 289 390 529 631 635 862
95 262 391 482 671 768 884 945
27 179 234 376 400 856 931 991
68 154 225 245 560 667 695 960
32 38 175 193 220 230 505 672
317 321 368 547 587 699 811 977
17 138 197 276 371 571 751 923
46 109 152 183 184 443 838 979
480 568 615 730 745 806 925 946
115 136 190 248 316 753 798 811
25 52 62 208 273 468 579 913
190 410 471 527 551 811 972 1011
50 374 427 459 547 554 726 775
3 90 112 340 533 630 669 768
246 316 566 572 797 805 822 899
174 315 384 447 805 864 923 1010
56 111 114 359 487 520 709 999
23 148 217 314 378 860 950 984
104 129 171 186 263 545 567 887
227 425 450 483 552 628 679 763
336 373 460 655 659 669 705 857
425 446 531 721 766 903 975 982
16 76 534 541 726 904 970 975
107 131 192 396 744 907 942 1016
582 650 769 808 915 925 969 1000
58 133 206 533 544 664 898 1008
173 174 413 527 608 937 987 1017
259 352 477 599 612 696 749 782
100 154 310 370 390 487 559 889
6 61 165 386 412 564 623 748
94 135 270 440 751 932 963 977
308 336 377 490 499 507 571 845
169 218 528 587 799 995 1004 1013
168 243 466 696 752 790 958 989
80 85 276 294 304 656 738 748
283 286 424 623 845 849 946 1017
64 70 92 149 150 272 740 806
19 26 351 422 720 812 837 985
21 254 384 469 621 650 740 750
41 63 93 337 357 368 630 728
14 189 266 479 626 676 689 883
97 114 118 353 449 506 573 996
4 192 328 482 597 598 870 893
63 243 326 489 802 811 987 1016
44 67 265 298 506 556 646 743
54 220 347 676 709 894 905 918
10 164 269 566 829 847 925 986
92 138 180 279 375 491 498 749
69 93 267 420 439 634 771 856
240 309 481 516 519 832 872 1021
171 243 354 455 494 868 944 998
30 100 127 386 399 409 428 441
44 58 95 307 455 658 798 899
196 355 573 590 637 818 985 997
261 321 326 549 611 721 735 744
163 166 539 570 646 690 747 902
365 403 523 584 687 728 892 935
256 420 485 501 779 849 940 972
51 264 536 623 751 852 858 883
88 419 509 668 669 712 815 1008
80 106 337 639 666 702 857 971
62 202 367 411 444 700 1010 1011
33 78 235 283 456 639 782 809
141 363 396 541 548 571 784 1007
104 165 526 724 763 851 942 984
139 146 364 781 819 852 907 937
67 136 271 338 383 613 731 796
198 268 343 493 550 594 796 959
29 172 248 359 592 601 641 645
9 74 249 254 266 339 811 821
86 132 376 471 580 878 954 989
95 496 523 644 647 793 872 944
87 151 187 311 401 728 919 927
174 305 450 518 536 547 910 923
6 555 737 795 831 866 890 1019
48 96 150 221 411 652 801 807
14 18 92 102 311 361 466 673
257 269 342 344 378 612 734 762
44 70 331 358 471 671 824 956
205 281 299 328 533 707 805 908
62 67 403 414 447 548 750 895
63 168 236 281 383 474 694 765
101 343 366 649 798 799 874 905
11 206 268 499 613 616 706 895
0 121 315 425 477 764 790 1002
28 182 282 370 388 685 698 1005
47 157 466 583 584 695 735 949
295 436 529 552 586 920 926 940
608 661 681 737 793 872 889 929
41 389 400 589 746 806 930 944
14 152 246 329 508 580 769 992
89 293 340 374 609 620 822 847
437 534 541 575 684 831 867 971
18 274 325 512 604 785 804 945
117 154 215 294 548 649 815 1006
156 409 557 802 808 877 992 1006
191 395 430 569 602 716 970 986
153 327 427 456 623 666 718 838
55 144 237 344 664 840 849 970
41 497 513 577 628 681 866 912
179 202 351 368 457 502 650 1013
16 22 103 150 284 369 472 909
408 442 448 592 720 734 832 857
267 306 327 417 570 581 647 670
5 127 142 287 295 297 388 848
314 548 614 637 686 860 940 961
311 579 686 697 707 828 835 880
9 52 108 242 334 543 564 945
256 352 356 430 535 675 821 1017
84 360 458 528 640 685 861 972
254 292 332 458 727 786 787 983
119 205 311 536 538 603 774 820
191 194 658 720 794 839 925 969
48 93 292 447 635 702 774 919
7 318 557 599 712 755 826 883
47 76 141 300 398 442 917 999
91 445 511 786 801 898 940 983
29 58 141 212 309 310 365 772
2 117 443 453 559 614 795 958
140 158 451 719 766 800 890 934
31 138 211 218 428 631 711 836
133 310 430 435 448 510 625 894
60 73 216 309 435 883 909 962
56 222 320 505 550 646 834 1014
3 255 261 509 694 815 878 1009
3 516 532 563 876 882 912 936
186 276 329 688 738 777 846 955
4 14 22 73 252 415 531 552
269 275 476 588 622 710 810 820
171 358 441 524 715 755 812 963
148 278 339 381 431 716
462 531 785 786 795 851 867 1001
128 191 351 536 613 812 893 1002
40 53 211 242 296 357 604 988
175 266 466 499 672 704 774 989
78 195 210 545 688 886 923 962
15 89 186 448 654 668 880 1022
224 457 465 484 532 593 924 979
116 390 497 580 645 660 769 906
104 189 246 428 432 537 604 912
73 347 532 571 683 775 797 908
29 269 441 594 626 716 766 890
82 187 222 399 551 717 831 861
299 549 639 762 789 938 1002 1020
19 78 167 262 509 798 952 1018
151 169 243 319 419 610 844 1001
310 322 397 566 583 653 677 897
11 214 465 520 632 713 875 903
11 135 229 403 455 732 748 976
315 342 553 807 940 949
172 176 342 698 744 837 896 963
77 135 139 267 415 592 658 829
141 301 494 621 768 856 955 975
69 126 311 378 704 710 982 1007
114 213 242 486 596 647 753 787
127 180 385 389 421 438 577 742
10 155 200 271 319 446 537 885
3 153 460 498 599 697 719 972
30 186 291 367 408 420 576 638
38 258 314 351 432 477 661 724
92 627 866 932 971 1016
53 141 335 468 583 851 882 929
541 543 669 780 837 1004
2 88 242 307 504 868 940 963
94 108 341 342 352 801 894 929
23 27 45 434 454 817 825 938
210 360 409 449 590 703 769 900
83 121 205 225 520 609 616 897
117 143 296 490 535 610 684 838
97 143 256 462 602 654 813 899
149 288 459 566 771 964 979 996
105 214 329 632 678 902 987 1022
49 137 144 177 239 529 544 790
28 432 515 605 642 691 796 961
70 296 307 379 575 604 834 890
60 65 99 290 375 553 701 823
42 186 418 610 776 795 981 1003
51 145 314 607 614 730 758 889
7 28 264 427 545 742 813 842
140 227 255 334 407 607 756 1016
487 494 496 567 583 731 799 804
82 160 182 251 313 596 735 787
89 146 283 422 458 601 695 839
69 85 195 424 494 779 809 904
53 136 204 455 644 736 936 1019
44 91 180 211 701 790 830 991
32 125 143 176 232 238 670 737
98 300 379 444 625 850 927 945
78 333 386 436 667 679 713 822
5 24 64 157 331 857 914 924
25 323 342 446 473 482 634 752
68 188 222 402 425 779 810 815
60 99 159 254 422 524 625 901
50 61 84 108 115 398 808 946
58 119 131 304 406 527 890 966
18 129 450 812 817 888 937 952
59 109 151 160 622 885 960 985
240 289 419 482 495 600 848 964
74 85 159 308 349 620 755 764
19 102 147 277 344 383 563 952
28 310 425 514 627 744 831 1001
112 369 537 579 633 656 741 793
12 34 125 186 373 588 826 910
13 159 237 380 488 578 825 875
185 239 285 362 622 783 956 993
92 247 454 485 501 809 873 904
7 27 207 290 409 497 718 978
20 36 55 129 323 417 492 524
229 391 434 603 631 773 795 990
39 47 176 208 241 629 818 850
261 417 595 617 629 692 854 962
229 238 441 611 618 721 911 958
152 340 507 523 626 886 990 1009
226 280 431 448 511 687 801 893
88 270 407 789 858 868 949 1010
179 690 772 784 803 845 936 973
105 140 244 502 525 655
39 315 440 566 574 725 780 1017
246 339 423 470 705 733 816 941
147 199 298 453 637 684 838 873
58 207 226 359 514 708 742 1010
245 327 435 677 814 852 938 979
34 71 130 300 339 896 971 1013
330 464 708 739 780 787 859 892
75 152 159 161 168 628 630 871
68 188 259 608 641 676 895 977
112 354 632 702 727 887 957 1006
39 70 74 337 647 709 731 816
127 289 445 551 601 909 947 1018
59 121 346 376 419 643 957 996
172 184 240 346 423 862 928 999
22 74 194 707 716 732 820 867
247 264 364 447 624 626 892 1019
43 236 436 508 517 657 882 1006
14 71 118 163 196 627 678 885
31 37 119 408 486 844 855 950
158 258 417 613 663 820
135 504 769 780 797 800 887 908
26 46 140 264 381 410 587 883
136 446 597 603 617 717 827 988
23 45 79 555 651 852 917 973
170 219 305 624 712 729 774 818
124 300 447 463 507 580 792 996
18 79 154 293 430 583 758 908
68 87 99 157 323 503 686 852
111 230 380 615 651 693 791 904
12 20 175 295 493 540 719 995
29 133 251 260 437 725 744 947
316 320 370 630 664 898 905 970
66 142 324 381 529 550 558 915
57 138 151 537 585 739 998 1013
21 57 468 692 755 841
304 325 368 422 488 535 672 796
100 118 144 199 263 445 799 866
45 379 469 611 634 652 679 780
107 176 233 279 466 561 570 807
256 296 345 397 435 658 886 914
344 358 593 600 681 877 893 957
319 325 389 407 428 773 784 899
61 236 317 424 485 726 868 889
17 421 437 568 704 760 783 978
230 338 442 468 486 532 675 994
257 304 308 370 642 682 712 1015
76 451 491 598 711 740 810 840
14 16 326 530 575 590 928 951
54 207 331 420 463 504 524 797
78 172 257 683 768 794 816 1000
198 333 378 473 518 854
371 414 431 570 767 821 881 1022
27 341 410 522 741 755 814 933
138 436 506 675 687 701 867 973
231 252 284 292 476 542 595 984
204 210 348 433 442 452 819 881
287 504 521 723 761 832 948 961
106 138 260 390 495 522 792 1013
81 163 212 314 426 782 788 941
49 363 464 500 529 566 702 868
107 188 238 293 413 874 875 1004
79 124 262 530 586 727 759 920
66 300 372 545 660 699 809 935
115 251 303 385 647 743 813 850
36 245 375 409 451 560 877 1019
196 289 440 448 879 903 949 950
73 88 169 218 282 389 553 981
164 188 232 401 433 587 685 754
268 308 469 589 633 674 967 974
91 122 123 339 448 493 501 892
65 120 223 358 492 618 637 680
63 542 568 785 939 961 969 979
72 167 397 499 514 609 677 829
6 7 345 412 434 517 697 845
131 318 367 419 526 729 831 1005
84 345 360 500 708 723 758 1010
94 216 346 363 569 708 761 788
57 411 616 727 796 823 834 866
48 50 197 352 639 723 942 984
119 131 218 291 380 481 793 962
222 328 463 538 599 605 968 990
41 252 273 412 513 653 662 945
29 185 187 461 593 689 745 801
30 249 416 421 654 691 692 932
25 71 147 341 483 709 821 1012
195 204 581 602 668 726 803 934
105 239 303 390 773 818 857 985
59 167 258 330 579 640 764 778
5 26 64 116 139 313 548 895
282 440 459 595 776 810 966 1000
81 90 237 302 353 358 473 596
18 48 118 224 301 302 403 554
161 213 475 690 733 862 928 997
274 279 305 415 460 955 961 986
275 349 413 584 586 611 795 841
23 178 435 622 651 737 879 965
69 235 241 373 472 646 900 1023
100 143 262 293 313 612 909 943
75 309 402 490 501 581 629 783
54 207 242 263 331 353 862 1007
208 265 550 778 839 876
18 70 167 351 423 585 967 991
313 343 384 473 503 595 628 752
37 67 288 334 418 525 834 935
83 164 268 400 540 612 670 686
15 95 108 330 498 611 663 826
129 137 348 619 656 771 867 968
77 290 349 359 452 478 544 552
135 332 528 591 631 636 769 842
109 149 181 229 478 699 717 966
28 78 318 418 493 549 610 746
369 398 513 684 959 1012
80 453 558 585 590 778 825 1014
21 52 97 302 343 457 666 911
285 326 355 393 421 457 524 1001
148 204 263 271 407 429 757 775
184 297 416 505 660 686 973 981
112 537 554 563 667 718 958 1011
44 208 266 318 326 360 718 901
106 146 375 614 693 827
24 269 390 488 700 721 938 1007
193 195 481 518 592 670 860 926
0 2 52 227 296 366 815 850
64 139 259 367 405 621 854 985
156 215 377 405 522 851 874 984
265 271 350 396 407 645 767 879
66 235 505 755 846 897 930 988
163 248 389 399 539 696 732 920
332 373 394 405 515 693 801 872
136 203 305 364 706 725 863 968
259 489 540 648 764 876 969 978
146 200 238 478 502 689 853 1001
34 35 291 881 904 921 939 1005
194 389 397 565 661 781 859 983
71 162 204 307 465 524 675 960
36 43 140 718 743 749 773 954
59 82 333 334 574 898 918 955
65 173 279 285 606 739 828 924
125 209 236 361 449 578 613 791
113 170 640 663 835 913 976 977
63 172 562 583 708 715 721 796
230 429 602 654 719 825 921 954
20 61 87 110 465 475 869 1023
274 320 423 596 604 637 741 898
264 489 510 531 615 699 734 812
33 103 123 234 278 829 975 983
21 239 395 616 789 922 976 1000
1 110 232 703 764 880 946 1002
6 23 65 101 115 183 869 1006
162 166 193 283 490 502 588 743
161 174 281 428 500 525 751 954
262 299 561 600 667 674 697 906
170 326 408 620 696 803 838 841
16 45 84 108 228 526
67 120 172 460 665 738 876 955
233 271 536 600 736 783 830 995
112 274 395 444 446 546 567 791
155 168 225 276 365 576 878 894
8 33 178 249 437 476 881 921
67 323 356 433 563 905 928 966
200 462 513 575 704 758 891 963
93 235 328 414 442 539 748 877
402 404 465 491 649 992
57 142 160 382 572 711 930 987
13 24 103 353 546 711 830 974
406 567 701 726 750 788 896 926
103 375 439 661 677 874 887 943
46 265 324 329 384 572 749 1003
66 461 479 527 636 781 799 988
26 76 130 292 352 412 878 968
301 306 321 376 640 871 930 982
41 72 156 309 310 525 710 854
49 55 82 108 198 499 654 752
208 381 493 546 828 853 891 899
5 96 284 362 502 543 730 990
334 365 501 605 756 761 808 861
9 209 216 250 438 560 665 798
27 238 396 450 770 776 816 847
19 167 199 217 430 722 776 946
169 225 247 531 579 643 645 978
204 337 722 756 819 824 906 1005
9 126 152 170 217 312 556 585
46 106 277 540 678 771 827 988
181 286 321 510 512 561 840 883
373 453 574 598 610 647 760 981
34 217 381 391 500 629 792 950
32 81 113 443 469 627 851 869
42 437 491 577 578 609 864 920
34 174 214 377 536 556 745 856
379 382 387 404 515 778 966 1020
53 438 449 509 540 591 763 914
13 86 303 334 474 833 941 959
343 597 847 872 921 947 972 990
47 72 271 287 345 437 686 779
232 250 336 515 521 597 987 1018
219 291 350 475 616 830 893 928
147 233 357 603 708 826 869 1016
114 148 371 492 666 980 989 1021
19 181 224 477 482 540 625 745
251 265 344 461 495 661 712 873
31 194 234 405 420 533 619 725
1 123 157 722 787 863 882 980
35 97 197 618 676 699 828 926
139 241 251 306 494 599 642 682
130 134 150 372 436 452 560 967
237 248 467 506 597 724 929 953
162 233 276 480 609 632 777 915
250 365 557 570 718 749 813 1014
235 246 267 316 371 462 581 660
8 98 263 312 385 943 953 993
156 220 243 244 372 418 741 953
76 201 364 377 756 813 965 1000
10 60 176 284 361 379 767 832
184 313 489 546 643 663 890 919
110 150 156 350 846 918 961 977
182 350 438 451 573 621 720 781
224 279 422 443 461 498 558 785
73 175 383 568 594 728 758 774
49 195 231 426 525 537 649 842
24 38 90 171 250 494 842 974
5 193 338 459 636 674 913 1001
9 232 252 328 433 528 932 989
153 723 878 901 911 937 1006 1009
166 547 578 818 822 870 976 1000
8 322 474 530 687 815 884 916
45 189 256 328 530 550 582 1017
10 96 241 345 468 613 621 967
83 223 330 527 569 817 829 900
88 339 429 619 704 860
94 162 480 542 599 721 780 809
132 189 288 495 607 638 756 980
46 59 160 293 413 429 488 850
158 393 443 629 643 875 886 964
59 143 275 489 676 859 863 960
256 283 362 518 614 714 754 951
38 161 278 495 637 740 770 836
66 273 345 522 706 825 855 906
55 81 239 275 601 665 692 768
200 220 294 397 689 924
37 196 282 391 479 682 821 870
126 249 380 444 479 700 856 868
21 114 210 506 568 738 791 820
220 304 305 470 664 804 991 1004
101 137 145 291 340 757 836 998
113 155 465 471 576 771 871 931
165 327 580 762 765 871 873 899
16 57 201 217 228 559 638 809
60 133 277 394 746 748 784 854
22 632 646 687 834 848 916 996
23 50 633 652 707 737 745 888
1 66 366 472 578 685 706 730
89 145 281 467 486 508 615 884
312 315 355 356 517 592 841 966
395 593 685 698 791 981 988 993
136 374 589 691 828 855 938 947
159 177 331 413 674 715 719 761
96 197 286 316 554 736 933 943
131 132 211 214 327 414 789 915
110 163 219 402 449 454 477 601
260 562 564 670 679 710 749 833
142 450 471 544 574 691 853 956
55 149 274 418 554 582 591 973
348 523 547 602 745 775 886 913
12 100 128 269 596 696 759 937
277 317 353 666 840 862 869 995
222 464 603 653 700 714 864 962
201 253 277 358 401 516 729 741
122 200 308 354 362 633 672 850
191 202 228 272 416 650 770 1003
56 245 412 727 740 792 859 928
302 335 543 752 822 858 888 1018
27 91 158 191 306 438 738 788
194 203 212 349 393 644 767 897
99 252 278 321 391 656 1009 1021
163 215 226 273 312 429 576 967
102 121 203 255 282 706 814 1011
137 223 248 260 324 582 693 896
36 65 228 427 759 775 993 1012
39 294 377 472 608 651 731 887
75 192 363 522 635 669 836 980
65 193 253 343 464 697 844 994
44 470 565 642 650 765 794 803
29 132 412 703 742 894 905 1007
199 302 322 363 474 496 617 768
119 355 684 732 762 894 965 1005
10 106 394 397 408 720 843 1023
125 447 746 836 879 900 915 920
101 158 207 240 304 385 554 1023
84 218 394 489 512 820 843 908
40 144 300 409 863 888 927 932
122 201 333 517 532 659 785 934
45 47 434 487 581 662 692 837
8 85 171 423 499 671 759 981
87 98 213 239 275 393 617 936
24 362 594 753 855 927 930 982
32 290 361 369 573 757 849 994
2 517 561 659 864 871 935 992
185 280 325 456 511 652 750 930
73 109 262 265 403 514 642 1016
40 121 577 609 724 774 895 914
261 272 324 421 539 622 636 685
103 113 284 539 558 680 835 873
94 342 492 587 631 649 693 746
142 147 199 472 473 784 938 995
26 47 182 240 379 383 439 919
285 362 368 574 645 826 830 835
165 332 426 562 648 673 735 737
21 103 124 295 518 560 862 918
61 237 255 364 398 559 985 1002
151 411 478 495 519 644 838 989
426 441 510 521 553 760 896 931
354 506 549 725 879 968 983 1022
202 250 279 297 371 518 885 1015
97 378 550 695 860 901 939 956
327 441 526 528 591 724 772 821
160 333 570 715 753 807 861 907
37 388 605 608 659 714 734 951
555 619 639 668 710 800 826 986
30 39 235 303 696 891 990 997
170 491 671 717 778 791 807 922
74 129 211 241 261 538 730 962
291 410 463 548 607 624 627 662
144 370 454 569 714 866 871 915
69 231 298 348 384 480 557 658
80 166 253 426 557 656 943 951
32 33 83 278 299 320 483 942
42 102 352 586 606 612 814 878
35 119 347 401 615 701 713 957
120 169 230 238 261 317 479 965
86 125 209 534 655 917 920 976
5 75 145 351 382 545 713 935
76 153 177 356 504 843 858 874
290 324 460 702 747 763 874 881
179 180 234 302 505 753 880 974
88 201 395 638 666 741 953 1003
192 216 228 360 681 711 844 968
12 189 229 398 406 502 855 884
144 335 361 388 461 567 849 952
57 74 244 280 433 467 643 739
179 325 373 426 459 487 614 787
127 579 698 766 824 881 924 1010
51 137 185 219 523 552 688 806
198 212 586 594 793 834 839 900
149 234 444 457 458 488 682 735
233 251 255 360 514 803 810 970
153 185 237 266 573 751 831 833
54 131 140 216 227 503 562 742
28 203 270 624 723 761 944 947
85 161 288 593 624 625 827 992
35 61 399 457 624 731 799 895
96 248 449 644 683 700 758 889
173 212 227 458 481 485 694 954
153 207 283 344 363 561 727 916
122 225 417 493 671 786 917 960
38 116 188 198 356 392 645 775
86 123 134 743 848 875 902 959
1 83 95 341 594 805 875 969
249 365 400 411 415 503 703 907
87 104 178 501 606 612 728 996
107 178 233 475 521 619 644 760
75 247 323 497 713 776 819 976
282 332 404 551 672 673 759 901
31 77 228 433 767 794 939 991
250 338 349 427 754 757 847 983
1 70 224 333 560 747 792 982
51 270 473 558 817 902 923 998
117 259 382 528 532 770 794 845
53 419 656 657 688 800 935 984
49 165 230 568 598 600 605 630
174 252 413 527 750 818 844 946
20 145 287 414 470 631 698 919
162 249 542 705 797 847 971 974
49 253 515 569 675 680 837 958
72 201 375 387 392 434 513 569
208 281 341 357 520 835 977 994
353 374 514 544 681 692 858 948
14 46 58 94 144 201 230 1023