530 544 689 717 934 1148 1620 1963
60 652 938 1233 1419 1896 1964 1990
437 478 529 601 748 1671 1812 2041
425 511 845 951 1180 1312 1920 1948
535 695 1362 1443 1464 1663 1700 1942
49 496 544 638 790 1293 1297 1671
516 606 647 720 1172 1636 1961 2043
185 435 866 899 1001 1283 1317 1629
92 386 521 563 690 885 1340 1435
93 248 356 830 1498 1516 1882 1975
860 885 944 1012 1208 1249 1719 1944
153 508 859 1134 1769 1775 1787 1841
123 160 269 486 1042 1197 1673 1692
73 160 188 480 884 1133 1600 1636
260 464 572 608 773 856 1218 1359
19 78 115 900 909 911 1202 1318
490 667 705 1132 1369 1380 1904 1934
89 676 711 927 1300 1579 1673 1810
108 514 1139 1238 1240 1518 1554 1891
500 505 858 1392 1511 1564 1776 1881
10 74 162 227 1244 1355 1370 1413
49 107 396 872 953 1370 1476 1670
192 722 1067 1211 1295 1674 1873 1942
357 383 460 917 1039 1358 1857 2022
203 234 283 544 1168 1251 1679 1912
101 265 532 823 1044 1191 1740 1765
380 417 468 943 1344 1547 1673 1874
134 485 575 719 727 1007 1133 1349
433 472 609 861 884 1314
236 516 526 701 792 1127 1379 1942
310 348 489 520 651 1412 1487 1617
273 363 601 606 1484 1583 1678 1709
185 316 646 1276 1338 1708 1739 1880
624 985 1662 1721 1741 1784 1829 1922
64 332 827 849 1061 1099 1435 1683
325 335 644 688 923 1085 1203 1470
339 346 1187 1234 1250 1420 1773 1947
54 147 713 905 1452 1837 1874 1878
154 189 473 533 635 1021 1773 1922
534 761 827 1209 1394 1574 1946 1994
6 276 309 1129 1194 1441 1810 1899
363 367 612 657 844 1410 1521 1615
75 104 760 843 1141 1196 1500 1976
320 456 755 1196 1501 1786 1862 1982
286 829 868 948 972 1289 1415 1853
500 559 923 1035 1392 1516 1552 1648
30 261 857 935 941 1223 1353 2038
298 306 1000 1086 1142 1226 1247 1827
217 358 808 948 1073 1381 1706 1968
197 679 711 943 1478 1520 1586 1791
55 216 235 311 1115 1241 1245 1473
38 68 374 1105 1365 1477 1864 1960
234 466 554 789 1373 1402 1494 1701
223 285 588 706 737 1274 1620 2021
81 187 1265 1334 1614 1618 1762 1884
420 678 730 836 914 1089 1092 1623
942 1036 1285 1303 1326 1532 1799 1816
36 881 1070 1145 1639 1755 1822 2028
223 649 765 1178 1211 1386 1751 1933
463 799 1049 1172 1725 1919 1983 2047
648 753 815 820 1662 1675 1743 1878
194 254 413 597 1003 1266 1321 1540
4 228 280 594 1123 1696 1730 1912
119 582 748 838 1107 1396 1486 1982
372 606 709 856 1185 1462 1474 1957
167 313 359 749 1200 1265 1328 1852
18 301 412 717 1045 1488 1491 1750
99 121 394 1103 1397 1626 1748 1898
487 923 939 1046 1262 1446 1629 1928
149 750 1250 1333 1364 1699 1943 2004
57 603 806 1096 1363 1872 1921 1980
16 206 314 366 413 626 946 1173
43 142 655 1028 1268 1424 1536 1787
122 436 1023 1157 1199 1636 1638 1658
81 142 785 1056 1107 1236 1347 1865
170 296 379 653 998 1317 1555 1672
41 289 403 571 1304 1426 1616 1997
23 185 581 596 1146 1403 1892 1987
163 317 566 757 937 1748 1750 1865
67 284 805 874 923 1475 1691 1985
1063 1368 1474 1676 1790 1821 1874 1995
383 384 1342 1365 1672 1689 1788 1992
14 202 489 763 961 1095 1362 1649
117 761 857 1179 1189 1197 1337 2040
38 212 604 617 1475 1490 1972 1974
527 878 1227 1736 1793 1801 2025 2037
42 170 605 673 966 973 1728 1883
261 276 647 839 895 1055 1786 1899
506 566 920 1024 1541 1563 1653 1880
119 278 755 1115 1143 1470
438 482 619 661 814 1223 1332 1515
688 829 890 952 971 1410 1522 1828
348 649 1064 1078 1120 1239 1257 1444
43 656 741 992 1207 1882 1904 1991
47 297 563 577 783 1581 1705 1760
230 340 479 500 928 1350 1688 1732
15 652 692 1119 1152 1183 1185 1638
312 592 620 849 863 1141 1702 1885
37 131 737 990 1024 1161 1341 1651
240 852 912 972 981 1086 1368 1943
235 309 474 492 760 982 1827 1897
348 946 980 1237 1287 1547 1658 1957
709 866 919 1062 1201 1325 1578 1620
251 257 611 659 829 1364 1704 2040
164 407 615 777 1071 1184 1619 2027
6 186 254 338 380 980 1032 1652
159 727 1019 1023 1340 1346 1397 1499
297 920 1063 1083 1136 1414 1626 2005
797 1004 1119 1150 1183 1290 1904 1916
70 224 265 550 842 919 966 1794
335 742 838 1080 1199 1244 1832 1967
248 485 605 621 730 1285 1597 1724
205 382 505 900 1147 1218 1407 1741
170 938 975 1003 1570 1833 1834 1964
542 784 964 1574 1809 1812 1905 2022
330 506 877 1014 1033 1126 1155 1412
171 359 393 849 1016 1333 1831 1957
614 620 1174 1224 1270 1394 1721 1835
190 763 984 1036 1253 1467 1860 1929
47 95 104 607 1112 1674 1756 1869
93 161 453 572 740 943 944 1927
264 400 801 1228 1709 1838 1888 1917
325 655 744 998 1091 1356 1791 1932
129 334 373 1209 1328 1754 1810 1854
502 678 693 813 1038 1805
40 358 506 1123 1319 1505 1516 1740
134 283 687 1378 1445 1633 1905 1994
131 628 980 1222 1239 1261 1345 1390
376 637 759 915 1333 1429 1922 1966
53 208 333 404 617 873 922 2020
25 317 337 422 703 939 1232 1585
226 561 608 751 992 1074 1185 1987
62 316 414 444 1000 1219 1625 1791
733 902 1034 1385 1389 1500 1522 1634
79 447 610 1425 1627 1790 1821 1968
246 615 631 655 1048 1281 1460 1729
128 220 930 1062 1347 1520 1682 1973
283 310 327 882 1121 1882 1964 1978
156 303 573 731 781 1128 1380 1921
295 627 841 1328 1329 1548 1594 1999
76 95 487 755 1063 1568 1573 1918
428 638 795 830 939 1446 1620 1627
219 232 600 879 1266 1313 1811 1833
174 279 805 1069 1322 1630 1831 1958
36 128 478 493 759 833 1309 1806
282 708 1242 1377 1409 1418 1642 1759
269 698 821 1176 1214 1345 1582 1661
42 90 119 435 496 1072 1313 1898
94 192 345 677 1010 1246 1308 1337
287 460 552 604 944 1200 1537 1668
1 54 183 348 477 921 1663 1700
132 505 513 563 931 1103 1578 1903
221 478 802 824 1076 1202 1957 1979
83 276 668 1215 1238 1598 1647 1919
292 693 1082 1269 1699 1809 1862 2009
138 173 421 697 1191 1366 1380 1971
73 371 730 816 1343 1485 1663 1953
94 191 529 952 1011 1526 1855 1948
254 284 781 1078 1425 1432 1472 1502
399 412 455 806 1053 1253 1851 1863
168 622 947 1235 1271 1727 1815 1878
547 610 1032 1164 1719 1779 1792 1953
279 308 319 388 554 607 1055 1700
40 106 247 918 1059 1409 1454 1751
165 805 1399 1661 1666 1780 2027 2041
268 667 1330 1346 1622 1825 1894 1988
133 150 450 721 874 1298 1300 1883
224 244 339 538 1168 1271 1747 1841
258 330 497 573 819 847 1870 1923
107 592 993 1092 1283 1530 1636 1928
105 300 499 1280 1622 1634 1652 1701
209 394 596 674 751 795 956 1728
39 42 120 602 1397 1877 1925 1979
205 445 751 821 1104 1114 1236 1615
206 328 372 433 525 568 928 1524
56 654 720 909 1021 1225 1316 1986
42 692 1179 1363 1587 1677 1757 2008
240 556 567 999 1281 1393 1446 1724
338 815 861 1621 1642 1658 1849 1921
20 438 501 1058 1119 1463 1522 1578
431 669 714 911 1307 1451 1755 1841
184 229 375 384 796 876 1557 1735
231 284 462 565 803 1103 1417 1906
112 253 487 514 1327 1872 1891 2040
51 121 483 1405 1485 1616 1706 1744
433 460 675 764 816 1022 1100 1402
93 171 302 487 1065 1383 1805 2015
548 691 1239 1320 1323 1504 1769 2019
23 45 304 430 454 584 1455 1490
153 198 614 1166 1408 1624 1681 1890
21 364 391 609 619 779 970 2013
672 679 712 1009 1930 1948 1992 2009
32 235 425 840 945 1215 1349 1545
29 41 192 454 503 683 892 1216
28 223 289 291 1047 1160 1238 1628
357 959 1046 1149 1153 1517 1883 1928
265 777 1302 1445 1507 1672 1731 1820
51 156 215 633 878 1010 1504 1698
312 469 812 1221 1248 1531 1715 1837
130 184 196 204 299 532 618 1886
203 280 870 1035 1372 1783 1990 2044
113 411 557 912 1351 1410 1820 2028
163 267 383 510 687 1439 1821 2031
72 233 591 989 994 1280 1289 1531
160 378 395 925 1091 1323 1324 1972
653 852 887 1298 1656 1981
387 546 633 782 1568 1716 1737 1795
81 203 1165 1185 1419 1533 1569 1884
137 227 475 537 974 1201 1588 1640
84 154 492 866 946 1247 1690 1993
498 635 1121 1139 1158 1347 1472 2003
551 743 786 855 1056 1092 1160 1772
186 395 731 962 1218 1581 1694 1989
142 385 482 559 718 966 1142 1458
451 912 1084 1127 1338 1664 1788 2000
20 218 471 480 586 1117 1389 1847
715 932 1403 1481 1543 1550 1643 1910
136 432 773 838 1241 1453 1544 1937
40 146 446 458 1139 1369 1396 1654
271 411 441 467 1006 1651 1840 1890
114 270 589 681 968 1269 1891 1940
541 875 991 1171 1222 1511 1889 1926
195 370 386 485 1032 1200 1598 2014
299 557 710 729 1028 1519 1649 1801
181 510 807 814 924 1248 1388 1489
70 94 376 720 732 943 1152 1498
576 596 1033 1320 1612 1634 1927 1978
261 993 1068 1159 1309 1522 1554 1717
67 169 256 292 325 1157 1548 1695
349 603 1015 1329 1408 1435 1676 1828
118 191 239 747 1050 1125 1560 1938
1068 1337 1448 1452 1656 1838 1919 1931
72 503 731 749 1463 1649 1701 2005
60 90 888 1069 1151 1221 1314 1400
317 503 589 783 818 1389 1611 2016
139 209 242 580 1108 1602 1613 1711
151 420 530 884 953 1072 1216 1920
116 342 478 502 1421 1567 1674 1697
491 497 607 814 936 942 1115 1504
82 365 393 988 1259 1432 1649 1872
429 548 743 1056 1182 1539 1851 2018
37 80 555 717 1376 1387 1549 1960
209 281 571 762 799 1704 2041 2045
4 121 231 467 819 949 1195 1416
256 361 448 469 1182 1276 1296 1407
558 784 851 1253 1687 1745 1941 2012
222 396 447 976 1461 1587 1655 1932
223 389 410 491 618 1255 1497 1759
547 845 867 1385 1518 1603 1875 2020
381 580 637 1042 1489 1530 1603 1902
327 477 659 704 1140 1258 1433 1896
37 452 691 859 1002 1081 1650 1928
295 681 869 1100 1510 1566 1717 1973
33 485 782 879 1451 1579 1662 1737
112 183 680 821 926 1014 1760 1807
328 359 373 547 580 628 1228 1637
181 360 368 623 960 1061 1142 1701
30 260 358 466 945 1296 1303 1975
750 959 1376 1479 1777 1868 1916 1930
607 681 1281 1388 1576 1720 1781 1913
135 892 897 903 1291 1382 1781 1895
329 523 734 1238 1418 1496 1546 1976
61 139 328 759 869 1425 1727 2003
36 244 322 355 482 605 1350 1902
592 703 763 891 909 930 1741 1807
391 751 865 994 1124 1751 1772 1867
60 1136 1363 1445 1714 1918 1954 2012
1053 1164 1170 1171 1230 1359 1366 1437
745 938 1384 1390 1472 1699 1800 1867
509 977 1113 1526 1740 1817 1820 1839
449 488 583 855 1292 1546 1945 2011
49 421 644 877 1148 1234 1426 1615
8 239 668 1027 1343 1880 1970 2024
377 523 598 734 884 1094 1284 1646
165 322 499 941 1113 1441 1542 1887
121 875 1197 1275 1312 1420 1530 1667
689 788 1593 1667 1768 1904 1927 1973
91 176 324 476 479 1165 1226 1808
262 695 782 920 1036 1499 1660 1768
71 87 113 416 491 619 1524 1988
220 856 1172 1323 1409 1603 1830 1834
149 225 313 568 823 904 1226 1288
457 847 1321 1358 1497 1501 1613 2030
694 705 832 871 956 982 1223 1909
281 519 1012 1310 1526 1608 1770 1872
74 271 344 429 1034 1045 1118 1207
133 707 1140 1387 1684 1720 1919 2002
82 277 370 825 947 982 1148 1815
135 326 390 493 862 893 1028 1641
80 512 685 900 1259 1295 1571 1585
243 1187 1692 1780 1785 1798 1842 1946
712 900 1080 1147 1154 1823 2020 2025
56 231 635 750 944 1463 1822 1968
91 351 737 981 1120 1240 1478 1688
221 282 631 728 816 966 1190 1436
78 685 702 883 1320 1396 1409 1885
194 298 658 753 817 1390 1575 1778
217 405 703 886 1117 1211 1589 1708
515 1065 1319 1605 1687 1770 1871 1990
104 167 457 780 1103 1154 1547 1953
98 112 143 212 801 1182 1598 1902
158 341 743 887 937 970 986 1328
738 794 1055 1062 1322 1453 1489 1846
90 279 690 1102 1477 1516 1895 2001
165 222 595 872 929 988 1168 1897
256 453 661 802 1299 1725 1763 1792
155 455 1202 1800 1801 1857 1898 2015
377 526 538 1195 1587 1674 1705 2033
116 306 374 549 752 776 1594 1684
217 430 591 609 1173 1187 1300 1754
791 812 1249 1579 1773 1855 1995 2025
26 534 549 662 819 1126 1196 1710
349 352 521 864 968 1359 1418 1751
155 1036 1045 1281 1341 1466 1749 1905
256 426 687 707 1114 1417 1846 1881
61 557 1140 1486 1811 1835 1854 2000
436 480 516 641 735 1611 1686 1953
259 315 350 395 538 1037 1050 1130
87 634 770 933 1222 1386 1730 1756
409 533 625 927 980 1404 1915 1974
454 664 740 925 1097 1211 1690 2042
166 385 642 788 1148 1403 1415 1837
497 504 658 1479 1557 1659 1846 1927
324 365 445 491 798 870 1537 1676
180 502 936 1021 1094 1096 1548 1975
81 192 343 711 997 1230 1527 1924
209 660 903 1227 1359 1735 1758 1962
208 217 497 609 767 1295 1364 1679
72 235 521 633 779 1681 1773 2016
92 258 339 648 1453 1532 1696 1771
77 450 1120 1244 1252 1637 1796 1912
274 340 520 633 840 1364 1410 1744
272 277 663 721 1135 1766 1813 1876
37 234 1005 1088 1175 1392 1491 1607
100 434 534 1016 1515 1523 1792 1978
0 200 255 304 612 906 1244 1430
155 225 472 539 798 936 1563 1618
349 411 844 1009 1052 1208 1361 1587
182 404 758 988 1040 1170 1740 1815
517 626 925 1085 1652 1726 1842 1963
451 1073 1101 1256 1302 1711 1907 1947
116 120 214 276 1086 1606 1722 2031
100 288 328 524 734 838 1043 1066
310 382 568 807 1026 1209 1947 1956
35 1263 1287 1490 1598 1627 1656 1969
45 106 619 656 707 888 1407 1788
157 703 920 1017 1157 1190 1628 1995
489 861 870 908 1007 1075 1183 1806
676 865 1483 1509 1673 1814 1889 1991
100 400 639 680 800 912 1198 1939
157 498 1175 1321 1381 1734 1737 1828
72 255 313 793 1025 1375 1395 1950
66 117 352 585 1485 1603 1619 1632
442 456 768 773 1007 1513 1877 2026
11 79 83 462 590 608 855 1688
214 579 733 876 1190 1709 1852 1900
11 594 640 690 823 1059 1286 1864
468 595 746 933 1147 1297 1431 1703
46 211 657 822 1375 1599 1633 1920
156 177 256 921 1110 1634 1724 1896
242 267 347 590 1104 1124 1301 1362
657 762 889 935 964 1342 1447 1826
214 227 671 827 1381 1383 1458 2010
44 522 1052 1445 1633 1693 1705 1824
427 453 1273 1776 1916 1997 2001 2012
362 455 488 730 1018 1553 1651 1920
188 244 418 477 894 1040 1610 1726
178 190 552 938 1064 1155 1544 1988
432 710 1015 1153 1203 1305 1661 1930
128 129 938 1240 1538 1549 1590 1892
1033 1131 1220 1259 1637 1662 1943 2036
23 165 386 495 504 1019 1091 1751
236 247 712 820 1077 1227 1661 1787
315 641 897 1153 1243 1376 1494 2047
117 470 492 562 771 915 1231 1541
52 361 513 1564 1698 1722 1795 1808
406 464 1362 1436 1486 1809 1855 1951
444 501 602 695 867 1162 1594 1665
455 1036 1100 1224 1302 1502 1572 1813
20 303 384 1210 1355 1414 1461 1769
53 145 698 1035 1081 1187 1423 1922
666 798 1540 1583 1686 1800 2034 2035
612 1110 1212 1273 1322 1390 1575 1879
200 263 304 507 757 1329 1438 1595
180 232 380 402 408 768 1419 1711
124 753 917 1149 1340 1513 1553 1911
160 219 667 978 1090 1281 1560 1901
550 596 635 753 796 957 1129 1423
27 484 602 789 982 1419 1636 1759
465 825 862 1015 1213 1710 1785 1946
206 915 1116 1338 1577 1630 1827 1947
282 338 641 860 878 1586 1685 1955
342 353 355 557 1323 1560 1693 1973
35 539 685 801 1258 1343 1577 1961
24 145 876 891 1371 1392 1568 1925
461 588 694 874 938 1065 1087 1923
39 131 443 572 624 1119 1398 1680
353 454 482 534 1092 1417 1683 1926
148 283 544 702 958 1139 1140 1170
59 362 478 856 1324 1603 1791 1988
524 818 1120 1368 1514 1697
134 276 1091 1097 1233 1612 1849 1887
290 474 507 600 630 764 1052 2027
159 323 545 678 1632 1762 1822 1853
291 532 645 768 917 1110 1443 1937
175 177 203 225 274 380 1094 1722
356 522 627 1279 1283 1510 1528 1947
3 219 233 786 1462 1549 1605 1645
76 105 526 1202 1562 1586 1696 1700
305 586 679 923 1408 1742 1989 1992
138 148 357 469 605 889 965 1584
54 268 288 744 959 1002 1360 1971
241 250 463 663 791 898 1174 1303
110 120 568 700 846 1090 1659 1776
87 103 923 973 1456 1591 1758 1767
84 713 1382 1391 1450 1981 2015 2036
272 494 497 751 827 1297 1656 1722
144 660 677 723 726 761 1830 2017
32 806 1058 1296 1607 1834
582 854 1217 1272 1437 1495 1533 1713
58 304 420 904 1321 1395 1949 1967
1003 1183 1191 1235 1494 1595 1628 1905
7 200 202 316 538 1011 1017 1384
501 769 833 1152 1221 1377 1621 1683
238 547 881 1137 1264 1378 1450 1634
195 529 532 834 1108 1428 1767 1972
873 890 1312 1424 1602 1769 1968 1979
265 723 773 874 1212 1324 1718 1864
146 242 574 627 1258 1359 1614 2047
459 575 981 1067 1084 1105 1609 1871
131 152 387 473 487 1826 1911 1998
156 448 469 750 1094 1100 1428 1830
419 735 966 1006 1110 1604 1714 1999
3 536 669 1490 1544 1655 1712 1857
450 813 877 895 1177 1560 1725 1818
116 882 1004 1090 1257 1816 1840 1899
252 636 777 947 1377 1582 1744 1869
96 102 449 833 969 1448 1831 1907
39 366 606 654 898 1641 1883 2020
4 102 639 1645 1657 1952 2005 2037
48 174 537 664 775 867 1294 1697
179 320 397 507 631 1566 1574 1898
207 315 335 636 930 990 1369 1635
207 405 954 1255 1460 1573 1960 2024
16 52 57 468 518 612 843 1371
177 477 775 868 1818 1914 1950 1956
2 665 739 868 1097 1267 1808 1906
5 370 520 525 822 1350 1411 1462
294 461 475 553 1076 1111 1423 1491
758 1003 1020 1296 1507 1595 1738 1865
201 226 532 1434 1450 1480 1763 1782
190 738 1363 1637 1715 1979 2011 2027
17 321 460 1306 1473 1624 1743 1996
347 520 841 1030 1427 1474 1668 1839
83 402 1022 1138 1272 1486 1586 1803
259 439 631 1322 1357 1490 1542 2038
810 904 925 1013 1219 1331 1614 1949
8 41 151 997 1187 1276 1611 1976
164 179 330 558 1564 1635 1819 1839
336 442 555 1033 1125 1370 1693 1905
120 278 362 603 929 1127 1590 1813
51 391 910 1012 1854 2026 2035 2044
271 526 582 1074 1189 1439 1684 1858
559 757 974 1043 1365 1761 1774 1950
13 372 714 779 1125 1258 1757 1933
646 766 815 852 1012 1162 1268 1624
77 480 677 888 1306 1619 1774 2017
47 648 766 880 983 1013 1113 1154
523 646 785 1162 1335 1516 1524 1776
133 172 377 797 1107 1536 1924 1991
59 202 385 624 807 1342 1374 1621
70 140 141 211 1257 1372 1646 1969
18 797 897 1394 1399 1633 1873 1970
21 60 354 498 548 886 1753 2032
219 307 566 1351 1524 1677 1881 1891
193 423 531 1344 1358 1573 1620 1884
175 587 628 779 858 1176
56 261 353 725 816 1041 1424 1796
182 524 761 914 1331 1933 1950 2032
11 144 745 902 904 1237 1660 1929
229 233 690 805 1194 1351 1369 1993
102 234 237 736 1155 1482 1528 1940
91 107 151 965 1288 1357 1604 1627
213 234 368 396 708 1859 1960 2038
331 546 660 706 710 1394 1742 1991
122 163 436 494 1278 1349 1703 1730
17 463 641 905 1455 1509 1607 1862
331 515 828 955 956 1000 1075 1840
15 110 127 760 1143 1144 1651 1955
358 421 587 773 796 913 1225 2028
51 300 409 479 554 969 1130 1635
349 378 498 895 1299 1727 1880 1928
88 201 616 737 824 1287 1480 1869
168 561 666 722 787 950 1202 1741
420 460 926 997 1031 1309 1459 2021
263 369 828 949 1502 1616 1789 1941
329 682 1161 1457 1670 1833 1836 1903
400 424 670 786 1143 1581 1761 1856
409 415 566 1278 1448 1583 1887 2046
332 373 493 926 1663 1731 1758 2010
191 511 641 895 1071 1188 1372 1710
346 963 1111 1410 1423 1442 1572 1643
65 173 770 945 1525 1534 1597 1893
232 449 455 761 837 1023 1083 1215
45 441 618 829 1038 1122 1483 1910
514 519 716 845 1041 1152 1527 1543
122 408 450 805 1030 1557 1662 1860
71 393 446 740 968 1058 1457 1471
91 354 686 708 899 1491 1952 2016
340 555 659 830 1243 1352 1799 1854
559 591 935 936 1464 1469 1569 1807
58 135 479 1387 1419 1731 1768 1785
264 517 520 571 600 1568 1631 2007
45 280 461 655 667 732 916 1391
172 601 969 1139 1374 1482 1854 1965
230 341 472 632 929 1446 1626 2026
494 627 703 843 1801 1803 1964 1985
397 672 1561 1653 1707 1936 1988 1996
57 92 318 970 977 980 1456 1795
169 799 1091 1201 1359 1790 1846 1900
240 363 543 850 954 986 993 1767
351 353 393 448 1106 1267 1429 2047
81 650 769 942 1393 1821 1983 1999
389 649 1181 1400 1489 1530 1779 2009
76 359 716 894 1000 1014 1519 1875
226 546 687 691 692 1020 1767 1995
36 54 105 396 562 799 1206 1794
379 749 1163 1251 1301 1351 1531 2032
523 549 567 919 1225 1367 1465 1863
332 436 606 701 992 1229 1240 1388
126 439 525 588 978 1256 1562 1567
124 249 361 764 1525 1594 1602 1717
149 221 294 861 1086 1432 1484 1539
390 542 1189 1216 1385 1600 1644 1889
729 800 973 1543 1842 1935 1982 2039
661 841 994 1119 1466 1692 1834 1997
88 483 673 772 1003 1305 2001 2046
217 599 891 1314 1406 1414 1452 1761
602 642 972 1495 1554 1590 1734 1798
150 341 378 546 598 976 1451 1789
102 315 886 1007 1290 1352 1405 1631
99 1196 1197 1641 1667 1669 1923 2004
78 280 756 779 1216 1310 1493 1660
301 308 883 1132 1220 1399 1578 1984
241 244 582 843 1083 1237 1492 1574
309 351 687 936 1014 1376 1647 1811
334 451 611 657 1061 1703 1881 1931
254 745 761 971 1039 1205 1307 1629
178 1217 1252 1289 1473 1514 1550 1816
229 379 524 620 1383 1405 1868 1893
131 294 302 1232 1429 1640 1888 2032
125 341 537 802 1066 1668 1914 1944
1031 1082 1141 1388 1503 1749 1811 2034
108 346 523 1064 1178 1394 1719 1840
115 574 660 943 1495 1639 1702 1775
333 831 853 1311 1718 1809 1887 1958
380 397 443 444 1658 1688 1743 1956
134 433 916 1223 1654 1790 1804 1863
72 140 471 691 1304 1602 1924 1979
3 205 806 1142 1285 1875 1915 2008
52 141 822 885 1025 1406 1737 2023
328 476 981 1180 1381 1662 1721 1726
385 658 793 1174 1394 1665 1886 2031
141 342 567 897 1318 1862 1864 1972
77 308 647 666 1024 1393 1404 1833
345 654 724 927 991 1453 1508 1806
275 682 967 1059 1136 1787 1858 1967
468 626 851 862 1133 1433 1923 1977
441 504 864 886 1623 1819 1952 2023
71 213 505 803 808 1384 1588 1749
87 179 399 599 646 987 1671 1890
643 765 780 1044 1479 1596 1943 1952
250 313 431 481 587 835 1592 1917
233 567 1060 1085 1215 1452 1841 1943
159 763 765 1079 1121 1366 1798 2012
49 324 576 787 921 1725 1801 1809
188 337 674 777 1078 1082 1513 1974
125 395 440 632 744 868 1184 1795
9 407 416 891 1173 1260 1879 1963
55 117 206 443 1027 1101 1169 1764
675 1318 1399 1478 1609 1638 1784 1832
142 166 625 656 755 1170 1294 1485
700 949 1141 1411 1428 1670 1757 1913
18 363 588 629 709 1683 1772 1848
500 589 976 1226 1717 1730 2006 2008
74 239 475 512 1307 1357 1469 1678
100 368 846 859 1289 1378 1786 1914
187 320 712 1171 1541 1937
809 913 989 1102 1122 1204 1263 1713
238 275 684 899 1029 1210 1216 1249
7 175 354 684 730 1183 1420 1873
129 329 847 1071 1110 1428 1709 1724
133 180 264 409 438 522 931 994
469 772 1051 1059 1548 1691 1703 1963
34 284 617 795 826 1143 1188 1360
99 354 956 1184 1435 1728 1778 1906
211 527 1126 1212 1325 1612 1755 1949
9 13 311 624 955 983 1742 1941
285 714 873 1134 1279 1554 1605 1867
30 260 395 1194 1588 1710 1714 1729
675 694 776 857 889 1626 1653 1711
100 496 739 752 1192 1245 1273 1727
887 1270 1305 1355 1559 1813 1939 2023
255 285 419 430 632 1075 1436 2026
54 293 311 358 1483 1503 1838 1891
208 269 427 843 921 983 1456 1722
203 297 780 963 1103 1112 1292 1438
528 979 1073 1208 1397 1482 1613 1799
9 631 906 1128 1144 1192 1223 1418
597 1337 1351 1471 1473 1517 1921 1969
105 277 552 584 880 1009 1304 1994
34 252 585 614 884 1464 1635 1951
1280 1370 1529 1752 1764 1871 1888 2010
41 325 1217 1316 1801 1867 1876 1977
416 854 964 1344 1576 1804 1831 1884
472 682 969 1356 1641 1792 1986 2033
36 587 666 900 1015 1554 1612 2035
418 634 863 1049 1072 1529 1682 1879
314 350 356 397 570 780 1141 1227
12 682 803 1227 1380 1413 1459 1865
109 333 371 517 560 942 1430 1530
255 438 1215 1444 1533 1747 1810 1903
289 479 484 641 989 1294 1716 1971
130 187 910 1190 1385 1465 1579 2004
215 257 521 1255 1294 1512 1917 1942
184 404 480 509 516 830 881 1076
465 680 754 967 1060 1273 1333 1408
326 397 1292 1480 1556 1990
821 1051 1254 1298 1421 1549 1558 1845
153 254 791 1102 1146 1562 1609 1797
68 148 185 278 458 513 733 1339
184 862 1032 1165 1231 1316 1330 1875
410 747 1031 1389 1600 1682 1717 1984
98 151 445 1047 1242 1449 1625 1649
414 437 528 1334 1413 1440 1617 2018
199 321 375 925 990 1007 1514 1539
418 434 482 739 1006 1090 1783 2042
390 785 1339 1433 1822 1826 1848 1910
246 579 623 717 867 1017 1186 1500
630 808 1000 1263 1315 1375 1464 1960
68 207 505 515 1154 1409 1543 1952
4 186 314 653 759 894 1790 1794
724 769 771 932 1062 1077 1315 1794
24 117 388 743 950 1402 1583 1729
133 340 376 911 1167 1270 1586 1652
52 97 364 394 605 889 1263 1483
97 388 590 751 931 1210 1639 1802
347 685 1081 1184 1335 1386 1632 1680
97 162 266 487 774 1096 1174 1405
114 627 819 998 1330 1385 1686 1694
67 262 1510 1511 1620 1667 1740 1907
783 1069 1175 1404 1426 1643 1752 1912
51 106 586 916 942 1032 1570 1746
109 241 307 680 1137 1198 1427 1575
28 29 483 736 747 777 1109 1991
44 534 589 613 1423 1430 1610 1977
257 501 698 775 1159 1389 1788 1962
168 601 727 970 1280 1338 1732 1965
86 259 393 782 1030 1260 1519 1892
53 562 852 1180 1247 1403 1970 2021
268 540 693 715 1377 1405 1510 1868
404 644 890 1041 1282 1550 1576 1934
96 327 332 491 1082 1141 1499 1982
57 985 1341 1462 1544 1659 1664 1819
781 1037 1170 1371 1460 1860 1945 1975
199 879 1112 1193 1440 1765 1980 2003
5 588 1025 1291 1331 1369 1606 1641
146 281 301 621 982 1090 1461 1859
77 119 314 999 1246 1523 1676 2014
252 264 760 918 1551 1697 1807 1938
71 214 503 818 1018 1764 1850 1894
354 622 650 753 887 1596 1825 1844
268 303 387 593 669 880 883 1071
96 620 766 976 1106 1261 1480 1848
63 742 1283 1524 1533 1626 1766 1880
171 696 789 1350 1561 1679 1877 1921
267 289 417 1134 1184 1321 1379 1449
423 742 801 883 1066 1121 1594 1639
272 734 890 1512 1589 1766 1838 1917
380 742 977 1061 1133 1559 1647 1729
205 1126 1182 1513 1567 1656 1738 2030
119 146 527 762 885 1643 1742 2009
62 444 552 728 783 1085 1094 1793
722 790 831 1402 1585 1630 1850 2023
220 690 1080 1113 1153 1467 1758 1994
124 389 1124 1332 1355 1681 1802 1803
259 595 1015 1083 1216 1288 1299 1859
288 1010 1436 1501 1541 1778 1857 1895
166 514 538 629 651 941 1272 1760
536 542 820 939 1213 1301 1460 1974
473 535 710 723 1356 1400 1679 1708
72 218 531 840 1346 1609 1706 1837
3 132 392 963 1264 1275 1605 1885
155 745 1080 1163 1229 1597 1618 1648
55 247 356 541 1191 1302 1441 1692
418 613 719 738 1556 1605 1655 1774
212 216 689 756 992 995 1124 1243
146 184 371 837 1211 1314 1559 1847
465 573 891 1011 1507 1741 1787 2024
164 347 558 1333 1575 1585 1858 1920
412 998 1225 1254 1349 1411 1556 2034
136 253 299 571 645 747 1650 1727
331 462 499 742 1235 1401 1684 1872
447 518 673 719 1561 1619 1736 2031
41 195 1008 1236 1261 1733 1784 1903
12 24 577 675 726 1192 1483 1674
14 186 241 1311 1431 1449 1758 2046
415 553 794 817 1125 1208 1544 1553
15 22 260 273 424 453 873 1017
1 489 501 866 940 1077 1975 2002
67 160 261 587 611 1220 1427 1916
208 215 297 409 595 872 1893 2024
64 95 504 849 1296 1982 2001 2019
683 768 974 1090 1493 1632
394 700 766 1061 1275 1362 1630 1902
674 994 1245 1497 1521 1542 1642 2034
237 373 665 741 1003 1479 1533 1828
110 659 723 941 1392 1641 1727 2029
161 658 807 862 1127 1149 1201 1579
201 301 598 683 953 1718 1941 2045
657 894 973 996 1002 1135 1502 1917
212 296 316 466 1335 1370 1747 1920
877 1054 1190 1341 1360 1677 1769 1825
18 369 416 489 648 1591 1841 1949
507 770 834 1039 1105 1254 1476 1626
21 46 173 776 1088 1106 1468 1648
176 519 701 916 1197 1307 1867 1986
337 748 1077 1152 1176 1253 1479 1992
339 598 735 823 1022 1060 1256 1436
664 803 823 1138 1414 1635 1657 1912
126 613 834 850 1030 1540 1694 2018
22 369 824 1145 1299 1576 1655 2006
8 54 458 528 546 859 1018 1669
211 262 275 340 476 798 987 1678
95 307 837 1013 1631 1907 1952 1984
250 621 622 1095 1172 1601 1644 1844
40 75 127 239 596 796 1883 1905
615 653 815 1033 1461 1584 1925 2011
367 463 756 1057 1128 1132 1457 1596
258 350 623 1511 1540 1688 1891 2040
68 185 202 833 987 1122 1615 1987
194 563 661 756 792 1415 1434 1585
188 272 317 610 860 879 1653 2013
121 170 243 943 1310 1533 1830 1882
11 412 937 1308 1367 1422 1522 1745
165 644 733 770 947 1114 1828 1842
111 381 445 649 716 959 991 1053
129 167 178 204 426 600 1207 1523
167 381 545 765 811 1120 1682 1909
71 238 569 630 744 1391 1488 1773
80 423 550 834 1044 1574 1608 1688
150 599 786 928 979 1006 1301 1498
19 138 275 474 1251 1603 1756 1859
237 320 467 961 977 1590 1882 1932
261 324 704 858 1189 1433 1789 1871
506 603 669 846 960 1010 1116 1731
475 542 822 1123 1252 1348 1569 1836
389 474 512 604 744 1886 1904 2038
255 539 1282 1355 1372 1407 1459 1518
94 97 338 735 1602 1645 1898 2006
31 266 415 613 835 1489 1559 1681
164 444 804 895 1528 1685 1804 1945
102 143 221 461 856 965 1201 1676
15 253 341 882 1119 1400 1648 1712
12 68 452 518 565 729 1897 1977
172 214 490 951 1076 1281 1499 1569
50 356 428 1005 1416 1622 1711 1724
42 344 878 971 1390 1521 1723 1888
222 564 638 784 996 1162 1293 1716
24 52 321 565 1063 1589 1876 1937
608 736 794 845 985 1151 1664 1790
82 518 638 1098 1327 1623 1892 2030
110 490 560 867 1304 1810 1862 1983
138 173 246 287 736 1222 1291 1852
115 551 753 758 893 1138 1531 1935
124 334 486 637 704 973 1145 1463
75 777 1308 1384 1461 1698 1700 1807
342 722 767 1024 1467 1668 1748 1858
61 291 757 945 1669 1753 1777 1885
147 405 1066 1393 1468 1539 1686 2044
251 367 610 1185 1282 1320 1377 1584
343 915 1077 1098 1260 1375 1737 2025
144 501 1024 1048 1157 1266 1399 1744
245 525 861 981 1088 1131 1229 1317
92 311 1140 1508 1572 1593 1612 1836
44 135 177 905 1020 1361 1527 1979
309 367 394 510 629 1037 1580 2034
115 233 365 903 909 1451 1736 1765
223 243 246 312 647 748 1455 1784
159 306 312 602 971 1195 1501 1632
392 710 1016 1033 1088 1280 1843 1981
897 1176 1309 1395 1611 1638 1716 1909
496 706 1248 1300 1381 1803 1827 2041
33 136 293 481 763 1008 1836 1961
84 185 524 643 1425 1615 1823 1863
225 408 936 958 1195 1326 1879 2019
218 259 456 616 1144 1387 1588 1786
709 941 1054 1055 1308 1600 1661 1730
32 248 652 668 971 1203 1344 2000
43 62 507 599 602 857 949 1744
38 215 441 645 764 1310 2014 2022
368 634 997 1014 1306 1507 1611 1977
38 366 417 888 906 1262 1488 1985
665 709 1089 1219 1489 1664 1753 1934
268 577 659 822 848 892 1569 1631
732 786 790 1002 1876 2005 2032 2041
101 502 592 642 769 1028 1178 1470
252 570 597 776 1108 1461 1567 1886
31 484 813 889 996 1678 1821 1878
58 499 910 1443 1472 1782 1806 1973
29 196 198 483 515 991 1194 1812
13 423 1068 1139 1261 1366 1379 1671
14 896 924 1019 1163 1498 1855 2024
286 483 844 1044 1118 1351 1503 1736
323 702 950 1004 1539 1902 1935 1993
123 263 508 621 662 894 1181 1268
157 192 1186 1331 1332 1529 1823 1833
366 671 841 974 1412 1527 1756 1984
232 254 344 461 1191 1608 1705 1715
76 317 855 985 1063 1068 1325 1654
8 51 741 924 1150 1565 1736 1987
469 664 1398 1413 1477 1481 1856 2043
96 123 390 512 1504 1538 1640 1691
95 114 411 901 1130 1271 1843 1869
319 365 901 986 1406 1408 1570 1929
361 809 826 898 926 1205 1218 1857
396 401 578 633 639 1052 1814 2002
252 832 886 1314 1537 1652 1989 2002
65 253 425 1286 1536 1606 1622 1899
746 968 1037 1079 1329 1481 1640 1644
65 434 778 831 963 1067 1521 2010
253 360 472 888 966 1045 1716 2034
306 372 697 743 766 1008 1844 1909
155 424 580 845 1067 1267 1582 1699
103 1238 1251 1387 1644 1647 1720 2046
88 350 454 551 568 631 1147 1302
239 520 616 1013 1074 1358 1529 1625
299 911 1104 1323 1344 1375 1762 1800
37 47 374 612 622 808 1001 2019
375 401 667 747 1029 1138 1156 1245
457 555 693 757 1300 1336 1517 1666
127 463 640 764 793 948 1198 1669
302 808 875 956 995 1302 1687 1853
9 679 726 1262 1707 1835 1933 1948
247 359 400 447 557 729 848 1319
108 114 628 1030 1087 1419 1599 1770
204 346 788 859 1004 1127 1964 2036
9 229 420 495 687 868 1798 1934
161 388 419 983 1029 1080 1879 1992
296 313 395 401 596 716 750 921
22 80 327 871 1146 1154 1217 1519
91 126 290 339 373 543 686 1137
178 238 435 495 816 1739 1855 2013
832 1040 1055 1250 1447 1454 1590 1706
352 759 1305 1519 1707 1804 1832 1861
107 692 952 1013 1278 1447 1660 2010
330 482 616 660 791 1496 1583 2045
554 586 656 708 944 953 1010 1661
732 878 1109 1154 1370 1442 1690 1736
64 104 493 819 893 1047 1387 2008
65 67 226 431 669 715 951 1124
41 295 799 973 1101 1169 1175 1361
77 157 427 734 1567 1584 1646 1944
34 58 310 1330 1534 1580 1752 1818
230 333 1175 1188 1335 1396 1794 1958
147 343 373 398 735 899 1423 1584
406 651 673 854 962 1252 1926 1969
406 466 617 1002 1019 1426 1685 1817
531 545 714 772 839 990 1459 1845
26 315 467 648 661 1312 1470 1496
810 984 1133 1685 1695 1786 1914 2006
10 140 158 269 300 975 1743 1863
134 143 393 718 1242 1495 1910 1911
180 539 662 1263 1683 1733 1799 1954
149 222 229 778 1482 1528 1549 1720
97 228 601 833 1058 1234 1546 1767
8 207 294 308 1012 1058 1430 2033
20 61 216 295 608 898 1339 1932
122 260 511 960 1536 1657 1759 1938
85 1113 1373 1421 1477 1487 1845 1899
310 902 905 1109 1411 1546 1755 2015
1 49 643 653 822 1057 1618 1980
555 740 869 1383 1493 1575 1817 1850
314 604 955 972 1373 1618 1632 1815
213 622 724 760 837 1286 1690 1786
361 422 448 875 1125 1159 1234 1753
31 286 407 462 508 543 1136 1527
175 177 659 977 1167 1591 1604 2023
113 332 1040 1220 1324 1430 1701 1939
63 147 152 519 719 1179 1564 1713
106 330 468 599 978 1079 1476 1492
695 736 1060 1204 1356 1404 1493 1521
257 550 729 908 964 1144 1274 1931
316 527 581 584 1116 1210 1552 1660
348 456 514 639 794 997 1611 1901
69 118 326 509 1167 1534 1739 1981
232 438 633 1271 1678 1815 1857 1929
25 464 702 932 1354 1382 1578 1756
113 358 853 1039 1746 2013
105 151 338 869 879 1525 1911 1915
413 422 586 705 840 876 1283 1636
109 594 842 1145 1283 1287 1292 2039
137 295 1334 1429 1571 1584 1827 2019
204 325 579 983 1279 1590 1830 1908
123 593 820 975 1739 1768 1998 2018
322 575 964 1128 1556 1805 2017 2046
574 737 790 828 1517 1690 1869 2047
97 296 544 853 1291 1327 1400 1418
60 421 516 647 683 774 1094 1491
30 35 93 168 665 978 1049 1665
165 282 430 739 903 1380 1487 1965
374 717 748 788 1132 1361 1550 1597
226 264 271 365 652 1805
110 208 292 323 540 1868 1970 2045
428 632 1107 1129 1193 1320 1802 1918
66 69 113 371 375 623 1637 1726
336 382 744 883 1032 1596 1826 1852
820 974 1104 1177 1571 1629 1678 1935
0 318 643 892 1298 1384 1406 1720
18 221 626 665 676 937 1440 1664
142 580 1031 1166 1354 1647 1844 1996
91 251 651 954 1029 1207 1831 1839
186 320 364 594 1378 1682 1755 1987
112 383 580 811 1071 1222 1516 1925
209 266 449 1076 1449 1671 1672 1954
204 666 801 1198 1205 1616 1621 1663
888 967 1177 1390 1657 1687 1744 1929
154 273 490 518 728 752 824 932
508 787 802 908 1041 1188 1680 1770
129 161 199 585 637 642 1886 1913
53 186 240 453 470 944 1901 1971
264 294 337 701 898 929 1484 1750
145 152 203 511 734 1326 1935 2039
93 154 896 1241 1367 1545 1777 1930
225 688 1301 1353 1447 1692 1697 1898
48 440 548 660 775 896 1337 1622
12 31 258 408 1043 1310 1407 1760
62 346 463 535 830 934 1269 2002
334 459 694 914 928 1181 1439 1486
832 914 1091 1163 1212 1552 1666 1771
150 425 557 1046 1099 1186 1432 1693
103 305 426 699 947 1316 1455 1686
241 412 464 1413 1512 1702 1913 1980
363 439 486 1185 1398 1515 1664 2006
300 366 853 1200 1308 1360 1665 1707
351 459 831 957 1096 1111 1783 2019
188 189 419 836 1093 1134 1546 1937
122 138 223 630 1303 1347 1851 1951
85 697 1047 1167 1237 1250 1757 2029
80 919 1026 1240 1573 1589 1610 1824
2 506 1248 1340 1775 1797 1848 2044
177 394 417 1412 1466 1551 1995 2011
352 771 795 1284 1356 1431 1512 1888
415 667 673 928 1081 1271 1964 1995
166 190 702 781 1196 1467 1831 1949
892 915 970 1042 1122 1257 1806 1847
131 727 741 814 1107 1404 1856 1966
33 414 766 1075 1098 1385 1646 1708
273 372 429 581 854 1284 1306 1961
26 149 527 567 1200 1268 1535 1990
277 332 758 893 1016 1066 1811 1999
17 437 708 918 935 999 1488 1793
19 224 492 825 924 1034 1432 1702
207 389 426 518 541 882 908 1246
17 330 827 901 1177 1205 1791 1847
118 318 392 447 1397 1418 1420 1691
233 385 516 604 713 1052 1638 1756
29 118 141 526 1122 1438 1993 2037
59 172 195 448 945 985 1723 1781
10 64 94 810 811 1005 1295 1745
89 427 495 863 1425 1658 1716 1730
248 382 1156 1353 1437 1460 1752 1813
136 377 439 676 722 893 1083 1246
34 251 1054 1144 1235 1403 1646 1782
327 548 595 1010 1160 1167 1866 2044
83 288 677 699 1502 1577 1593 1643
43 212 566 650 658 947 1315 1534
55 163 302 431 493 551 1374 1426
290 298 562 816 853 1028 1162 1484
84 245 612 955 1065 1457 1710 1870
76 251 364 1401 1630 1633 1715 1901
422 510 1131 1311 1389 1665 1907 2042
113 314 417 663 787 976 1442 1518
4 114 183 488 909 1289 1352 1997
37 145 178 1074 1240 1569 1598 1946
207 672 825 1481 1509 1825 1867 1890
302 1191 1336 1352 1353 1563 1863 1887
298 581 842 930 1327 1465 1591 2039
3 749 769 1019 1415 1416 1422 1644
176 409 426 467 556 1228 1465 1757
100 174 771 1101 1152 1379 1642 1826
273 299 345 1037 1079 1181 1705 1886
790 1028 1131 1228 1341 1580 1675 1947
86 248 550 1210 1779 1805 2040 2042
383 517 668 815 959 969 1520 1946
219 584 877 1256 1262 1555 1561 1967
27 57 106 547 663 837 1580 1609
503 629 1009 1031 1296 1432 1451 2022
459 637 678 1327 1368 1448 1599 1784
251 603 690 967 1106 1649 1735 1804
305 783 1155 1513 1617 1734 1812 2003
58 222 312 836 963 968 1048 1209
406 457 985 1224 1476 1535 1772 1785
55 369 1059 1174 1361 1725 1785 1917
75 361 948 995 1066 1397 1552 1675
195 200 268 530 1098 1282 1416 1426
107 499 1060 1167 1339 1562 1623 1965
35 136 675 909 1274 1565 1794 1938
49 288 765 1166 1479 1795 1893 1945
536 704 789 1089 1121 1263 1635 1998
160 320 541 656 713 787 1320 1454
43 193 711 758 1298 1520 1559 1560
189 509 726 977 1131 1270 1776 1866
462 616 962 1150 1247 1630 1860 1923
262 515 553 835 1319 2015 2031 2037
20 509 1088 1404 1482 1921
79 130 139 226 720 1179 1782 1954
181 216 329 522 866 882 922 1454
66 175 197 249 754 890 1741 1939
199 224 259 388 715 839 1474 1475
22 44 111 200 560 1212 1542 1962
32 210 496 1203 1257 1558 1602 2009
112 316 774 880 1366 1369 1728 1874
156 270 471 1146 1357 1480 1481 1587
1035 1115 1132 1179 1278 1471 1703 1783
7 454 863 975 1023 1151 1393 1873
248 402 674 682 1126 1218 1503 1906
29 118 846 940 999 1034 1055 1859
141 711 798 1047 1653 1765 1889 1922
19 356 644 1517 1566 1578 1752 1973
29 379 439 739 1056 1117 1250 1835
480 1195 1235 1253 1303 1496 1762 1817
292 323 408 564 769 950 1293 1864
366 694 706 889 1151 1378 1689 1962
27 280 407 1122 1316 1454 1501 1993
98 105 1075 1249 1588 1702 1742 1759
52 176 765 957 984 1156 1256 1679
10 148 188 939 1264 1324 1566 1637
158 196 695 1241 1267 1334 1391 1978
106 190 1092 1427 1471 1507 1652 1691
187 210 907 1071 1336 1525 1675 1777
21 392 604 616 651 1259 1443 1582
198 591 670 804 1450 1478 1640 1779
443 614 650 1458 1554 1563 1788 1924
89 606 623 813 1038 1120 1163 1467
407 701 767 792 800 1405 1466 1570
86 435 582 628 1734 1738 1748 2010
279 308 452 513 680 982 1437 1629
726 940 1117 1349 1466 1627 1775 1780
127 689 700 1186 1439 1993 2012 2030
39 477 797 918 1097 1563 1696 1989
6 243 791 1079 1598 1760 1783 1902
500 559 569 684 811 813 1159 1591
23 402 530 650 896 1347 1866 2025
166 168 214 389 1218 1269 1435 1470
1213 1318 1353 1561 1581 1820 1843 1939
50 253 319 831 841 1585 1856 2035
309 728 876 939 1192 1683 1896 2040
398 412 464 556 1617 1746 1774 1936
227 247 362 466 756 1204 1224 1846
44 230 423 1093 1209 1648 1950 2043
324 681 695 1487 1497 1529 1771 1845
7 120 484 749 795 1073 1527 1936
536 784 809 1236 1388 1627 1699 1915
26 210 1214 1277 1279 1428 1832 1839
7 190 781 1231 1232 1288 1493 2033
46 59 484 656 678 1686 1861 1956
163 384 387 430 996 1401 1903 2020
360 372 431 476 1211 1625 1861 2027
401 405 1059 1538 1689 1986 2000 2043
42 428 549 748 926 965 1118 1654
32 53 229 342 403 620 1750 1911
329 481 573 634 672 1049 1220 1721
38 369 1276 1374 1437 1500 1595 1655
92 760 874 1022 1116 1322 1835 2014
535 865 1109 1848 1869 1880 1910 1919
104 474 791 1237 1542 1671 1765 1789
262 267 292 895 1070 1256 1312 1737
1067 1340 1345 1592 1937 1989 2000 2012
153 654 961 991 1273 1477 1685 2030
654 839 912 988 1058 1084 1797 1970
718 725 757 860 872 987 1045 1339
870 1235 1277 1278 1371 1779 1838 1856
55 458 584 797 989 1220 1723 1809
63 88 436 749 963 993 1104 1700
563 739 763 869 1142 1242 1421 1511
78 755 812 1053 1136 1162 1610 1767
6 508 655 696 1005 1266 1547 1834
24 87 204 369 451 504 1743 1868
82 198 590 953 1411 1442 1550 1824
597 1148 1239 1251 1293 1557 1712 1955
193 862 946 1006 1796 1894 2009 2029
10 89 386 886 896 1051 1735 1996
39 282 558 932 1007 1073 1199 1743
115 152 922 1065 1851 1878
665 684 1112 1236 1343 1579 1621 1774
21 782 848 1199 1234 1305 1329 1546
183 205 276 1334 1501 1728 1940 1959
635 913 931 1025 1095 1445 1530 1592
143 322 460 1223 1265 1368 1604 1971
125 344 530 987 1074 1574 1728 1986
96 471 625 1321 1382 1614 1965 1966
139 154 193 564 615 642 1070 1870
78 90 1308 1628 1830 1847 1896 1945
360 649 721 952 975 1274 1538 1619
443 470 688 899 954 1713 1799 2002
296 952 1016 1194 1406 1513 1592 1950
173 255 329 707 979 1156 1529 1604
50 562 1114 1468 1473 1505 1836 1845
182 237 397 685 1108 1109 1181 1319
293 304 327 350 685 1264 1442 1819
549 698 1046 1054 1374 1384 1535 2026
307 343 626 1130 1169 1245 1353 1536
28 357 611 677 714 844 1262 1537
99 365 545 1115 1472 1543 2028 2031
285 526 583 669 1249 1445 1565 2039
750 1045 1269 1271 1318 1453 1983 1985
502 671 775 872 1086 1137 1621 1932
62 99 698 851 907 1466 1766 1818
11 162 486 491 513 787 1087 1381
428 567 850 1073 1080 1105 1679 1883
132 386 524 568 701 1284 1305 1996
301 324 689 837 979 1004 1038 1643
50 144 331 636 785 1326 1416 1563
541 551 710 782 1241 1666 1764 1941
25 46 197 1298 1408 1600 1829 1985
444 625 643 721 1009 1512 1539 1738
415 574 873 951 972 1166 1443 1488
63 212 281 495 802 826 1354 1712
199 413 1068 1124 1142 1447 1865 1909
2 168 194 916 1275 1645 1651 1733
98 371 399 793 843 864 1200 1787
245 270 584 745 1042 1364 1735 1981
367 1111 1228 1452 1746 1768 1803 1813
7 130 340 347 1540 1911 1983 1984
477 632 992 1112 1264 1504 1543 1821
628 630 634 817 1403 1916 1935 2035
56 245 807 1219 1272 1289 1797 1918
368 581 640 844 1292 1343 1680 1849
344 384 398 490 543 752 1244 1481
577 1040 1102 1158 1231 1243 1355 1438
742 774 781 1180 1265 1698 1909 1926
95 119 291 410 481 1173 1239 1440
306 507 578 746 962 1739 1962 1969
243 312 558 762 1427 1450 1607 1924
336 416 440 874 1301 1313 1622 1695
718 1078 1135 1259 1282 1354 1392 1447
77 126 377 967 1471 1669 1699 1820
86 462 494 999 1158 1616 1709 1775
269 536 850 1207 1345 1556 1607 2015
56 499 618 712 725 1027 1589 1814
236 265 544 840 904 1495 1599 1866
25 146 593 999 1414 1532 1828 1957
445 789 1065 1150 1170 1515 1795 1816
16 220 579 585 954 1160 1738 1900
129 342 486 488 1042 1102 1292 1930
127 169 176 210 236 1161 1168 1906
267 420 432 594 645 908 990 1762
9 176 419 1123 1231 1247 1703 2007
137 413 826 1285 1456 1908 2004 2033
298 333 442 569 866 1307 1330 1498
273 627 636 684 1213 1234 1788 1881
299 483 770 869 1237 1689 1837 1895
101 210 300 352 603 752 986 1924
436 564 583 637 716 832 1277 1344
831 1016 1181 1424 1698 1712 1816 1932
23 35 69 108 344 1050 1109 1277
110 183 455 1114 1576 1721 1956 2016
108 657 671 835 1168 1435 1778 1986
370 592 842 864 1215 1299 1936 2005
275 609 702 917 1030 1046 1108 1552
153 238 243 355 542 887 1261 1478
0 228 335 1221 1457 1499 1646 1650
167 435 924 986 1726 1840 1969 2008
289 600 1023 1107 1244 1483 1512 1647
193 211 509 1048 1072 1226 1462 2000
123 571 572 778 1282 1399 1666 2001
48 224 318 381 601 1036 1310 2022
227 865 1295 1391 1601 1745 1858 2021
16 48 206 914 1227 1288 1417 1701
101 277 370 1345 1510 1514 1538 1623
82 291 617 871 875 1155 1523 1748
22 304 451 668 1143 1541 1583 1753
130 169 351 828 839 946 996 1876
143 392 446 754 1057 1705 1732 1784
933 1250 1260 1439 1754 1852 1916 2037
399 1012 1029 1284 1315 1433 1469 2036
270 315 422 1052 1159 1239 1892 2026
892 1213 1236 1506 1601 1871 1901 1951
706 714 792 927 1261 1631 1797 1996
250 258 295 334 632 726 1346 1938
360 400 624 770 1175 1659 1675 1959
538 621 894 988 1114 1562 1822 1931
688 818 1076 1179 1258 1354 1526 1608
280 306 437 1023 1155 1372 1446 1615
25 145 293 543 640 935 1255 1777
112 179 337 360 717 1075 1151 1498
446 550 663 768 911 1171 1538 1980
336 345 362 377 697 964 1014 1894
213 537 670 679 1184 1624 1759 1955
155 218 402 440 446 517 1164 1333
169 197 352 406 800 1038 1135 1958
24 101 141 476 812 834 1138 2007
135 809 934 1286 1288 1639 1823 1926
66 85 593 986 995 1027 1158 1780
45 267 696 1096 1254 1347 1565 1861
201 693 960 1086 1117 1279 1335 1386
825 1233 1331 1422 1802 1931 1970 2014
10 21 116 343 465 881 1531 1845
536 785 824 836 984 1485 1772 1908
12 172 247 465 1026 1249 1456 1572
45 558 629 799 1044 1694 1769 1877
86 240 326 533 1259 1505 1771 2016
475 540 577 1050 1101 1254 1535 1850
293 350 838 1306 1455 1706 1757 1820
403 511 691 828 950 1172 1841 1896
201 626 721 860 901 1684 1974 2044
18 357 533 817 906 1169 1440 1706
266 810 1280 1327 1422 1441 1799 1972
74 171 195 224 473 724 1188 1900
122 379 435 696 979 1588 1624 1876
205 305 485 556 575 653 696 768
103 494 664 686 698 872 1297 1560
290 348 450 686 864 1568 1655 1962
14 652 997 1422 1766 1843 1958 2043
367 950 1143 1156 1460 1665 1780 1861
81 429 448 804 809 1214 1719 1803
33 811 1217 1224 1332 1568 1589 1770
263 287 1268 1402 1469 1551 1555 1853
529 865 1078 1268 1338 1463 1597 1861
136 585 650 885 1011 1248 1566 2023
71 286 430 442 470 649 979 1850
260 670 1258 1559 1577 1644 1808 1915
48 308 403 426 513 1317 1450 1798
400 677 804 908 1291 1488 1866 1885
257 335 907 1082 1166 1193 1469 1913
375 724 773 1123 1174 1242 1476 1629
510 699 860 1050 1056 1497 1882 1971
85 786 988 1082 1177 1572 1749 1866
282 286 432 725 767 1005 1092 1946
171 193 510 1180 1262 1581 1715 1853
30 139 368 429 691 1173 1401 1780
560 592 718 723 920 1747 1923 2020
222 415 856 980 1083 1097 1732 1785
128 795 827 884 1411 1509 1553 2042
381 564 733 1207 1434 1492 1825 1976
434 496 772 815 902 916 1186 1196
13 346 620 774 806 1229 1499 1897
93 266 784 814 854 1464 1628 1877
57 713 1027 1110 1253 1265 1475 1829
301 1108 1129 1149 1306 1448 1634 1667
115 163 187 313 767 858 990 1358
376 418 806 922 1104 1342 1521 1734
741 870 1008 1231 1638 1815 1829 1908
14 38 123 158 849 1053 1130 1436
835 1043 1118 1246 1312 1329 1763 1802
137 231 847 954 1116 1862 1884 2011
46 495 597 865 882 1484 1580 1895
218 398 424 681 961 1242 1925 1994
307 427 498 619 851 1149 1178 1508
44 65 411 569 1070 1225 1659 1957
211 670 683 861 1287 1457 1659 1687
84 121 216 235 528 728 871 1134
522 636 881 993 1511 1696 1704 1893
258 338 876 1341 1507 1558 1846 1904
125 171 231 930 1062 1532 1847 1977
4 161 434 851 919 940 1232 1345
225 445 553 1186 1311 1454 1668 1949
63 236 385 644 680 1081 1243 1773
676 870 1001 1328 1864 1958 1992 2038
246 275 421 552 1609 1674 1739 1781
70 767 1089 1105 1169 1508 1718 2007
284 449 934 1111 1247 1410 1431 1593
191 624 1039 1183 1219 1233 1398 1685
14 576 610 670 683 708 1293 1715
85 427 574 962 1173 1339 1415 1942
83 396 472 697 922 1274 1536 1796
78 286 521 543 958 1178 1760 1810
467 661 918 1229 1494 1508 1766 1808
89 422 481 728 733 955 1150 1792
476 1338 1366 1371 1448 1612 1901 1976
296 461 540 955 1053 1464 1506 1556
470 759 1161 1171 1606 1721 1819 1895
11 213 228 250 381 1161 1726 1918
391 408 442 948 1148 1311 1365 1514
62 180 565 598 619 1021 1393 1696
182 210 699 967 1342 1608 1805 1859
187 201 206 266 535 907 1064 1572
16 127 145 355 662 1118 1800 1954
46 579 949 1123 1564 1695 1762 1812
576 707 715 1165 1348 1367 1437 1473
622 915 969 1356 1684 1763 1918 1959
505 552 1116 1129 1307 1782 1842 1892
132 386 410 629 987 1011 1613 1835
64 575 700 1126 1270 1346 1427 2003
156 244 252 570 1027 1274 1332 2035
287 398 429 727 812 1172 1532 1596
722 724 740 1001 1095 1388 1704 1708
178 615 1368 1467 1617 1650 1713 1987
28 230 539 731 736 850 1100 1318
23 845 978 1128 1272 1446 1565 1680
470 576 645 1158 1165 1326 1723 1765
424 473 825 1903 1936 1938 1963 2016
528 537 645 704 1068 1396 1534 1709
99 230 404 583 725 1147 1278 1910
13 479 705 776 1089 1277 1406 1926
144 311 326 651 1316 1667 1817 1836
22 153 1171 1192 1277 1439 1468 1548
84 458 642 746 1284 1514 1648 1823
466 673 730 1095 1209 1273 1477 1601
111 618 836 1317 1557 1668 1781 2036
235 285 638 989 1156 1300 1651 2025
621 754 1158 1330 1854 2013
457 772 1077 1130 1297 1691 2028 2046
336 614 672 871 1192 1303 1517 1575
111 311 525 646 1025 1081 1309 1434
70 111 839 1018 1558 1677 1719 1750
66 196 829 1238 1331 1475 1571 1840
103 583 593 1046 1358 1694 1907 2001
300 452 992 1502 1551 1595 1690 1888
287 318 401 473 500 775 881 1233
6 343 924 1472 1480 1558 1774 1884
216 410 458 676 901 949 1474 1782
341 485 618 630 871 1802 1851 2043
164 245 283 497 503 800 824 2007
303 384 414 931 1357 1493 1908 1967
249 256 328 336 984 1002 1291 1733
27 152 578 912 961 1484 1624 1998
75 124 440 625 779 1072 1245 1491
270 1395 1616 1745 1761 1853 1872 1998
27 58 413 560 919 1494 1999 2024
271 374 755 1057 1365 1510 1870 2029
179 735 879 1057 1169 1314 1818 1927
525 533 1197 1297 1409 1551 1714 1792
257 727 1017 1038 1049 1334 1421 1933
80 217 262 471 1164 1313 1855 1961
231 563 1201 1525 1613 1689 1704 1747
161 449 692 842 855 1193 1496 1829
170 345 554 1386 1520 1567 1693 1698
76 729 745 807 1043 1085 1599 1693
73 169 237 643 920 1222 1458 1663
0 1 184 192 303 917 1098 1264
239 390 905 1067 1113 1669 1673 1747
98 241 572 970 1285 1558 1660 2021
82 528 1382 1520 1720 1814 1851 1894
272 322 398 529 615 833 1178 1991
66 569 570 857 1026 1145 1203 1319
73 107 269 475 595 852 1228 1313
28 418 794 858 873 1153 1374 1976
848 946 998 1153 1286 1377 1482 1959
53 305 551 960 1132 1548 1733 1913
334 481 579 1246 1424 1429 1793 2028
96 150 319 778 828 951 1275 1311
288 565 878 880 906 1729 1746 1925
265 527 564 796 1189 1492 1789 1966
354 559 732 793 846 996 1125 1990
69 158 319 1069 1241 1509 1960 2018
540 590 989 1020 1087 1206 1927 1931
50 79 159 364 561 1024 1848 1889
61 441 578 847 1165 1407 1468 1676
174 310 588 1505 1677 1826 1870 1999
0 508 1019 1128 1402 1421 1593 1953
5 607 686 747 797 899 1547 1653
347 571 918 1005 1105 1438 1640 1955
776 1051 1056 1088 1225 1267 1420 1639
159 162 809 956 1009 1049 1742 1753
17 953 991 1398 1413 1428 1500 1982
738 801 897 962 1025 1204 1555 1672
50 65 132 249 609 903 1026 1096
752 1286 1313 1367 1680 1755 1875 2011
298 522 832 995 1444 1509 1631 1778
934 965 1051 1363 1373 1401 1570 1824
67 672 1095 1188 1360 1443 1537 1541
589 608 898 1342 1373 1379 1650 1745
333 402 1208 1251 1670 1695 1842 1900
245 704 1021 1195 1515 1523 1524 1586
151 345 565 675 684 905 1018 1519
88 220 293 533 655 826 1006 1017
560 611 847 940 1031 1362 1968 2008
63 492 506 1064 1074 1276 1573 1868
15 530 600 846 1233 1315 1465 1577
387 502 725 1525 1599 1856 1933 2018
228 512 610 719 838 1272 1328 1731
59 137 771 910 926 1751 1849 1936
34 703 818 1431 1444 1565 1718 1983
234 512 820 864 957 1294 1336 1580
47 79 416 699 716 1022 1326 1455
8 26 535 1372 1462 1468 1657 1817
74 277 515 553 903 1260 1552 2036
137 566 788 932 1048 1304 1670 1951
363 490 556 1093 1115 1349 1522 1860
232 514 681 812 1099 1444 1731 1889
357 391 671 821 890 901 1008 1717
191 271 593 1015 1161 1265 1287 1707
292 456 556 573 792 834 1248 1371
150 349 459 468 607 968 1434 1657
89 291 450 662 927 1266 1343 1677
228 488 561 841 850 910 913 1849
2 576 721 1164 1325 1523 1873 1981
778 1070 1164 1270 1348 1431 1545 1998
189 720 952 960 1221 1373 1724 1735
274 376 586 598 664 803 1093 1230
783 900 1008 1106 1452 1797 1806 1870
453 574 1040 1232 1375 1537 1764 1858
68 157 194 249 539 546 940 1048
220 788 928 1070 1337 1420 2003 2017
64 194 237 573 863 933 1133 1518
26 139 392 904 1570 1625 1956 1978
33 540 640 737 1078 1400 1475 1687
561 562 594 647 731 1710 1928 2041
128 309 319 585 1062 1395 1553 1714
297 658 697 1011 1214 1346 1628 1988
148 196 326 700 762 851 1230 1506
242 575 743 848 1118 1134 1382 1430
15 135 183 519 532 1232 1412 1827
109 281 792 796 1463 1725 1897 1978
715 754 818 911 1044 1106 1873 1914
351 411 662 813 848 1079 1332 1732
174 335 921 1276 1285 1618 1881 1900
285 303 648 1069 1099 1360 1571 1934
116 124 200 975 1004 1417 1833 1906
6 140 705 857 1203 1348 1438 1623
88 274 297 375 854 1224 1551 1573
33 307 464 1260 1597 1656 1695 1723
61 158 278 432 1018 1504 1592 1750
181 355 442 1376 1555 1561 1619 1877
102 414 868 1138 1367 1654 1718 1719
534 1093 1325 1396 1577 1613 1642 1675
174 337 572 914 1449 1754 1844 1860
830 853 1217 1290 1414 1433 1451 1865
70 353 388 424 1202 1566 1596 2038
167 196 318 359 1350 1478 1535 1633
434 780 1157 1221 1544 1839 1874 1959
209 355 378 452 927 1189 1364 1547
640 863 1084 1131 1434 1587 1708 1930
246 723 855 1050 1140 1383 1470 1934
197 215 406 582 1097 1738 1944 1966
149 531 597 859 937 1614 1658 1897
28 180 378 489 523 1205 1535 1771
20 138 693 930 1129 1412 1422 1838
30 83 432 529 638 1029 1555 2017
73 707 817 1252 1398 1528 1545 2045
179 457 713 836 842 972 1549 2014
537 561 1229 1352 1395 1707 1899 2029
17 451 625 754 1111 1449 1508 2037
39 238 325 705 896 945 1061 1968
79 419 452 1013 1144 1166 1290 1837
353 674 805 1348 1459 1732 1758 1912
208 465 719 887 1206 1213 1582 1778
143 191 287 382 835 1206 1391 1723
197 323 623 844 893 1378 1564 1749
383 746 981 1102 1210 1350 1453 1783
140 570 634 639 840 1571 1775 1807
663 692 746 790 803 902 1100 1187
456 758 1348 1605 1608 1814 1951 1953
199 933 1020 1198 1486 1733 1734 1984
404 459 829 1047 1182 1812
289 321 793 1518 1582 1811 1975 2007
581 910 971 1160 1299 1440 1528 1961
3 94 219 494 922 1043 1182 1681
682 883 965 1063 1117 1601 1704 1711
12 391 421 978 1275 1506 1681 1954
134 284 519 542 974 1149 1506 1749
157 646 671 821 984 993 1469 1796
104 321 511 983 998 1026 1199 1746
437 545 798 802 1041 1151 1176 1890
16 140 486 785 902 1219 1492 1654
1022 1042 1376 1379 1562 1594 1942 2027
2 90 547 614 929 951 1553 1929
126 447 810 929 1294 1456 1645 1893
553 570 635 674 942 1476 1779 2045
0 240 917 1160 1692 1919 1939 1972
302 423 875 1000 1037 1146 1417 1500
249 504 554 569 689 1146 1252 1761
696 709 957 1072 1442 1557 1604 1791
181 278 382 440 934 1829 1832 1908
1 198 283 414 583 961 976 1997
32 48 181 925 1176 1606 1940 2042
108 317 686 852 1093 1206 1226 1894
278 935 1666 1874 1959 1967 1985 2006
31 417 668 712 772 1697 1808 1922
250 274 958 1157 1322 1357 1672 1997
34 166 446 1485 1490 1614 1722 1940
555 1145 1441 1740 1849 1879 1943 2004
59 390 1101 1315 1763 1944 1974 2033
152 202 331 484 804 1593 1607 1793
40 101 331 376 438 959 1147 1963
125 154 290 433 1416 1444 1601 1777
399 811 880 1112 1230 1363 1383 1770
35 439 605 688 957 1121 1506 1531
164 498 678 711 731 1354 1748 1832
198 431 474 591 756 794 1087 1325
92 738 1051 1503 1781 1798 1800 1875
5 244 531 613 907 1136 1180 1818
109 1150 1198 1212 1257 1459 1526 1980
281 913 1041 1474 1542 1682 1694 1834
74 172 339 443 613 636 1230 1293
75 86 118 1098 1205 1290 1610 1752
117 182 294 371 387 611 1386 2017
242 407 639 858 1087 1255 1768 2030
109 242 279 290 378 1441 1503 1642
433 531 1295 1380 1592 1729 1771 1914
144 170 236 517 741 778 1610 1945
27 47 379 740 1255 1309 1415 2029
56 114 321 492 590 1340 1793 1819
213 548 1057 1190 1324 1576 1814 1871
2 31 120 182 694 1035 1424 1670
103 349 587 1064 1534 1915 1944 2021
5 441 1266 1323 1425 1429 1591 1713
541 699 1159 1254 1269 1471 1702 2022
25 274 403 652 666 1279 1495 2013
85 322 403 577 933 1361 1487 1825
272 591 804 1034 1199 1206 1365 2047
227 679 814 958 1085 1763 1940 2005
43 189 218 478 654 1035 1754 1850
73 471 545 941 1194 1243 1764 1878
60 189 399 823 1625 1852 1885 2004
87 126 162 762 913 1606 1673 1816
142 521 706 764 948 1193 1401 2032
175 578 720 808 1600 1754 1796 1843
111 128 173 405 589 1069 1465 1772
130 617 738 771 995 1168 1526 1955
305 410 826 1267 1617 1650 1761 1844
732 891 1089 1193 1515 1714 1941 1965
279 370 780 1054 1352 1496 1595 1843
36 133 549 994 1135 1177 1492 1822
132 270 578 1020 1021 1214 1645 1804
148 428 867 1039 1054 1497 1789 1994
13 437 493 718 937 958 1550 1712
5 125 362 817 907 1127 1887 1890
401 784 789 877 1304 1823 1966 2039
1 202 374 488 774 931 1103 1135
98 162 800 810 819 885 1163 1776
90 323 405 599 1290 1494 1532 1581
215 849 1208 1214 1335 1487 1540 1989
40 221 364 906 1034 1060 1317 1689
54 120 158 212 273 413 419 2047