3 5 8 10 15 17 20 22 24 26 28 31 35 36 37 40 42 43 44 45 46 47 48 49 52 53 54 56 58 60 61 64
3 5 8 9 12 13 14 15 16 17 23 29 37 39 41 43 46 47 49 51 52 53 58 59 60 62 63 65
1 5 7 8 9 10 15 19 20 24 25 31 33 37 39 40 41 43 45 47 48 51 52 54 56 59 60 62 63 66
0 1 2 4 6 7 8 9 10 12 15 16 17 19 20 24 26 30 32 33 35 37 38 40 41 42 45 46 47 48 49 54 59 60 62 67
1 5 6 7 8 9 11 13 19 20 21 23 26 27 30 31 32 33 35 37 38 40 42 45 46 47 50 52 55 56 57 58 59 61 62 68
0 1 3 12 13 14 16 17 20 21 23 31 33 35 37 38 44 48 50 53 57 60 62 69
0 3 4 5 7 9 11 12 13 17 18 26 29 30 32 33 34 38 40 42 43 45 48 49 50 51 52 53 56 60 61 62 63 70
2 3 4 10 13 15 17 18 19 23 27 29 32 33 34 36 38 41 42 43 47 49 56 58 60 61 62 71
3 9 11 13 14 17 18 20 23 24 30 31 36 38 39 40 41 42 43 45 48 49 53 54 55 56 57 58 60 62 63 72
0 1 2 4 6 8 10 12 13 15 16 17 18 21 23 24 25 27 28 29 30 32 34 35 36 39 42 44 46 47 48 50 53 54 56 57 60 61 63 73
0 1 2 4 6 7 9 10 11 12 14 17 18 19 20 23 25 27 30 33 38 39 44 46 48 50 52 55 58 59 60 61 63 74
4 8 9 10 11 13 14 16 17 18 21 26 28 31 32 36 38 43 44 45 46 55 61 75
0 2 3 5 6 10 12 13 14 15 17 18 19 22 23 26 29 30 31 32 34 37 38 39 40 42 44 45 58 60 61 62 63 76
1 8 11 13 15 16 17 20 21 24 25 28 30 31 38 40 42 43 44 46 48 50 51 53 55 56 57 59 63 77
0 1 3 4 5 6 7 8 9 10 16 17 18 19 22 23 25 26 30 31 32 33 35 38 41 42 44 45 47 56 57 58 60 78
1 3 8 10 11 13 15 18 21 22 24 25 26 30 31 32 34 36 39 42 43 44 45 46 47 49 50 52 54 55 62 79
2 4 6 10 15 17 19 26 29 31 34 37 40 42 44 47 49 52 53 55 56 57 59 60 61 62 63 80
5 6 10 11 12 14 15 16 19 20 21 22 23 24 27 29 30 31 35 37 40 44 46 51 52 53 54 58 60 81
0 2 3 4 5 6 7 8 9 10 11 12 13 14 16 19 20 23 26 27 28 30 31 32 33 35 36 40 41 46 47 54 55 56 58 60 61 82
3 5 7 8 9 10 11 17 18 19 24 28 30 31 33 34 37 38 41 43 45 47 48 49 50 51 52 53 55 60 61 62 63 83
0 2 5 6 10 12 14 16 19 20 22 25 26 27 28 31 33 34 35 36 37 39 42 46 57 58 59 60 61 84
3 4 5 6 7 8 9 10 11 13 14 17 18 22 23 27 29 31 33 36 37 38 39 40 45 48 50 51 52 59 62 85
0 1 3 6 9 11 17 20 21 24 25 26 27 29 32 33 37 38 39 40 42 43 44 47 49 53 54 56 57 58 59 61 62 86
7 8 9 11 12 14 16 19 21 23 27 29 30 32 34 37 38 40 42 43 46 47 48 50 53 54 55 57 60 87
0 2 3 8 9 13 14 18 20 22 24 29 33 34 35 37 38 40 41 42 43 44 46 47 48 51 53 55 56 59 62 88
1 3 5 6 7 8 11 12 14 15 19 20 21 23 25 29 30 36 39 42 43 50 51 52 54 55 56 57 59 60 63 89
3 4 5 7 8 9 10 11 14 15 18 20 24 26 27 28 29 32 33 35 38 41 48 49 52 55 58 59 63 90
3 4 6 7 9 10 15 16 17 20 22 27 29 32 33 36 37 38 39 46 47 48 50 51 53 54 55 58 59 61 63 91
0 1 4 7 8 10 11 18 19 20 23 24 25 26 27 28 29 30 31 33 35 36 37 38 42 44 45 46 49 52 53 54 59 60 61 62 63 92
2 3 5 6 8 12 13 14 20 21 24 29 32 36 42 43 44 47 50 51 52 53 54 55 57 59 60 93
3 6 8 10 12 15 18 19 20 21 27 28 30 31 32 33 35 38 39 42 46 49 50 51 52 56 60 62 63 94
0 3 5 6 7 10 11 12 13 14 15 16 17 18 21 22 23 27 28 33 35 36 37 38 41 42 43 44 48 54 56 59 60 95
0 2 3 6 8 9 11 13 14 15 20 21 22 25 27 28 29 31 34 36 39 40 41 42 43 45 46 47 48 50 53 55 60 62 63 96
0 3 4 7 8 10 12 13 14 15 16 18 19 20 21 23 32 35 38 40 41 43 47 49 51 53 57 58 59 97
0 2 4 5 8 9 10 14 15 16 17 20 22 23 24 25 29 30 32 33 35 36 37 38 39 40 41 50 51 52 53 54 57 59 60 98
0 3 6 8 10 12 13 15 16 17 24 26 28 30 33 34 36 39 41 42 44 45 46 47 48 49 50 51 52 54 55 56 58 59 60 62 63 99
0 2 6 9 16 18 19 20 21 23 24 28 31 34 35 36 38 40 41 43 44 45 51 53 56 57 59 60 62 100
2 3 4 5 6 9 12 13 14 15 16 20 21 22 25 26 27 30 32 33 36 37 38 40 41 43 47 49 52 53 57 101
1 6 8 9 10 12 14 17 19 21 23 26 27 28 29 38 40 44 48 53 55 56 61 62 63 102
3 4 5 6 11 12 14 16 19 21 22 23 26 27 28 30 31 32 35 37 41 42 43 44 45 46 48 52 53 54 56 58 62 103
3 4 5 8 10 11 12 14 15 16 17 21 22 23 24 29 31 32 34 36 38 40 41 42 43 44 45 46 47 49 50 53 54 62 63 104
1 5 8 9 10 12 14 16 17 22 23 24 26 27 28 31 32 35 37 38 40 42 43 45 46 48 50 51 52 55 56 57 58 60 63 105
0 3 4 5 7 8 9 16 17 18 20 21 22 26 29 30 33 34 35 36 38 39 40 47 48 49 52 53 54 57 58 61 63 106
0 3 6 8 13 14 15 18 20 21 22 23 24 25 29 32 34 38 40 43 44 45 47 55 57 58 59 107
4 5 6 7 12 14 15 16 17 20 22 25 26 28 30 31 33 34 35 36 38 42 47 48 49 51 55 56 57 58 59 62 63 108
1 4 6 8 9 11 12 15 17 20 22 23 24 25 26 27 28 29 30 31 32 33 34 37 39 41 42 44 46 49 52 54 55 58 59 60 61 62 63 109
0 2 3 4 5 6 13 15 16 17 22 23 25 28 29 31 32 33 34 35 38 42 45 46 47 49 53 54 58 59 62 110
0 1 3 5 6 8 10 12 13 16 17 21 23 26 27 31 34 35 37 38 39 41 42 43 44 45 47 48 50 54 55 60 61 62 63 111
1 2 4 10 13 14 16 20 21 22 24 26 27 31 32 33 35 39 44 45 46 48 50 51 55 57 58 59 63 112
0 1 3 4 10 11 12 13 14 15 18 22 23 25 26 29 32 36 49 50 51 52 53 56 57 58 59 60 61 113
0 1 2 4 5 6 9 10 12 14 17 18 19 23 25 28 30 31 32 35 37 38 40 41 42 43 44 46 47 48 49 52 56 60 62 114
2 6 7 8 10 11 12 13 15 17 19 20 21 23 24 25 27 29 30 31 33 36 38 39 44 45 46 48 49 50 51 52 53 55 56 62 63 115
0 1 2 3 4 8 9 10 11 13 16 17 19 21 22 23 25 27 28 29 30 32 33 35 40 41 42 45 46 51 57 59 61 116
0 2 3 4 5 8 10 13 14 15 17 18 19 20 21 22 23 24 25 27 32 33 34 39 41 43 44 45 50 51 52 55 58 59 60 61 63 117
0 2 3 5 7 8 9 10 14 16 19 20 22 23 24 31 33 34 35 36 39 41 42 43 46 47 48 52 54 55 57 58 61 118
0 1 3 11 12 13 19 20 21 23 24 26 29 30 31 33 34 36 37 38 39 40 41 42 46 47 48 50 51 54 57 61 62 119
1 2 4 6 7 12 13 18 19 21 24 26 30 31 32 36 38 40 41 44 45 48 50 51 55 56 58 59 63 120
2 4 6 7 8 9 12 14 15 16 17 20 21 22 23 27 30 31 33 34 35 37 42 43 44 47 49 53 56 57 58 59 61 121
0 3 6 7 8 9 14 15 16 17 21 22 25 26 28 34 35 37 38 40 44 45 47 48 49 51 52 54 56 57 61 62 63 122
0 4 6 7 8 9 13 15 16 18 19 21 22 26 28 29 30 31 33 35 36 37 38 39 40 42 43 46 48 50 51 52 53 57 58 60 63 123
0 1 3 4 5 8 9 11 12 13 15 16 17 19 22 23 24 25 26 27 29 33 34 38 39 43 45 47 49 52 53 54 55 56 57 59 60 61 62 124
2 3 4 8 13 14 15 19 20 21 26 28 31 32 33 35 36 38 39 40 41 43 44 45 46 47 53 56 57 58 60 125
1 6 7 8 9 10 12 15 19 20 21 23 24 26 30 32 33 40 42 45 48 49 50 52 54 55 56 58 59 60 62 126
1 2 4 6 8 11 12 13 19 23 24 28 29 30 31 33 34 35 36 38 39 40 42 44 53 54 56 58 60 127
5 6 11 13 15 16 19 21 22 23 25 27 29 30 31 33 36 38 43 48 50 51 53 55 56 57 58 59 60 62 63 128
0 3 7 8 12 14 17 18 20 21 22 25 26 27 32 34 37 40 41 43 45 46 47 50 52 53 54 55 56 60 63 129
3 7 9 10 11 15 17 18 20 21 22 27 32 33 35 39 40 43 44 45 46 48 50 52 54 55 56 58 59 61 63 130
1 3 5 7 8 13 14 15 16 18 19 23 24 26 30 32 39 40 42 44 45 46 50 51 54 58 59 61 62 131
1 3 4 6 7 10 11 13 14 15 17 18 21 22 23 25 28 30 34 39 41 43 44 51 53 55 56 61 62 132
0 1 3 4 5 8 10 11 12 13 14 20 22 23 24 25 26 32 35 36 37 38 40 43 45 50 52 53 55 59 61 62 63 133
0 1 2 4 5 7 8 9 10 13 15 18 19 21 23 24 25 26 29 31 32 33 34 35 36 37 38 39 40 41 44 45 46 48 50 53 54 58 61 62 63 134
0 3 5 7 8 11 13 15 16 17 18 19 21 25 26 28 29 30 31 32 34 35 37 38 39 40 42 45 46 47 54 57 58 135
1 3 4 5 9 10 17 21 22 24 25 26 28 36 43 44 45 48 50 54 57 58 59 61 63 136
0 1 7 8 11 13 20 21 25 26 29 31 35 38 42 43 44 45 46 47 48 50 53 54 56 57 58 59 60 62 63 137
0 3 4 8 9 10 11 14 16 17 18 23 31 32 33 34 35 38 39 40 41 42 43 44 47 51 53 54 55 56 62 138
1 2 3 7 8 9 10 12 13 15 16 18 19 20 30 31 32 35 37 38 42 43 45 47 48 49 50 55 58 59 61 139
0 1 4 7 11 12 15 17 18 19 20 21 22 23 26 27 29 30 31 32 34 36 39 40 43 46 48 50 52 53 54 56 60 61 62 140
2 3 6 7 12 13 17 19 20 21 24 26 28 30 31 37 43 45 46 48 51 52 56 60 62 141
0 1 2 4 7 11 12 13 14 15 17 18 20 21 22 26 27 29 30 34 36 39 42 44 46 49 52 56 57 58 60 62 63 142
2 3 4 6 10 12 13 15 16 20 22 26 29 30 31 32 34 35 36 37 42 45 47 48 50 51 54 55 56 57 60 61 62 143
2 5 7 8 9 11 12 15 17 22 25 29 30 32 35 36 37 40 41 42 46 48 49 51 53 54 56 57 58 60 62 144
3 4 6 8 10 11 14 19 20 22 24 25 27 28 32 34 35 36 37 38 39 41 45 49 54 56 58 59 60 61 62 145
1 2 4 5 6 8 9 10 11 15 22 24 27 33 35 37 38 40 41 45 46 48 49 50 56 60 61 62 63 146
1 3 9 10 13 16 17 18 20 22 23 25 29 32 33 37 38 40 41 43 44 45 47 48 49 52 53 54 55 61 63 147
0 6 7 9 12 14 15 16 18 19 20 21 22 27 28 30 31 33 34 36 37 39 40 47 51 53 54 56 57 60 63 148
0 1 4 6 8 10 12 15 16 18 19 20 21 23 24 27 28 29 30 32 34 35 37 39 41 42 43 44 47 49 50 52 55 56 57 58 59 62 63 149
0 2 3 4 5 6 9 11 12 14 15 16 18 20 23 24 25 26 27 29 32 33 35 37 39 40 41 42 43 44 45 46 47 48 52 54 56 57 58 60 61 150
0 2 3 6 8 9 13 16 21 24 25 27 31 33 35 37 39 44 45 50 56 58 60 61 63 151
0 1 4 11 12 13 14 18 19 20 22 24 26 27 28 30 32 33 34 35 37 38 40 44 45 46 50 51 52 54 56 58 62 152
0 5 6 7 8 9 10 11 13 14 16 19 20 21 22 23 24 28 29 31 32 33 34 35 38 39 43 44 45 51 52 53 57 59 60 61 63 153
0 3 5 7 12 13 15 17 19 20 21 23 27 28 30 31 35 39 42 43 45 46 49 50 52 61 63 154
2 3 4 5 6 8 9 11 12 17 18 19 20 21 23 24 26 27 29 32 35 37 41 42 44 45 47 50 51 52 53 55 57 61 62 155
3 5 6 8 11 13 14 15 17 18 20 24 25 26 29 30 31 33 35 36 38 40 42 43 44 45 46 48 52 54 55 56 58 61 63 156
1 3 6 8 9 13 15 16 17 21 23 24 25 26 27 29 31 32 34 35 36 42 43 46 48 49 50 51 52 53 54 55 56 58 60 61 63 157
0 2 4 6 7 8 11 13 14 15 16 17 20 21 23 24 28 31 33 35 40 41 43 44 45 47 48 50 52 54 58 59 61 62 63 158
1 2 3 4 6 7 8 11 12 13 16 17 19 22 23 27 28 29 30 31 33 35 37 39 40 41 42 46 48 55 56 57 58 60 62 159
0 1 2 5 7 8 10 12 13 16 17 18 20 21 23 25 27 28 31 33 34 35 38 40 41 42 49 50 52 53 54 58 60 61 63 160
0 1 2 4 5 6 7 8 10 11 12 13 15 18 19 21 26 28 30 32 37 38 39 40 42 46 49 50 51 52 53 54 56 57 61 161
0 1 5 6 11 13 15 16 20 21 23 24 27 28 29 30 31 37 39 40 41 42 43 48 49 51 52 53 54 56 57 58 63 162
3 4 6 9 11 14 16 18 19 21 26 27 28 29 31 36 38 41 42 44 45 49 51 52 53 54 56 61 62 163
2 3 4 8 9 10 11 13 14 16 17 18 20 21 22 23 24 27 28 29 30 31 33 34 35 36 38 39 40 41 44 45 52 54 55 56 57 58 62 164
0 3 4 7 8 9 10 11 13 14 16 17 21 23 24 28 29 35 38 39 41 43 44 45 46 49 51 52 53 54 56 62 63 165
2 3 5 6 8 11 13 16 17 18 19 20 21 22 24 27 28 30 31 34 35 37 40 43 45 47 48 49 50 51 54 56 57 58 60 61 62 166
0 2 7 9 10 12 14 15 16 17 18 19 20 21 23 24 28 31 35 36 38 39 40 43 44 46 47 48 49 52 53 54 59 167
3 4 7 8 10 11 13 15 16 17 19 20 21 24 25 26 27 28 29 30 32 36 40 43 44 45 49 50 51 52 53 54 55 58 59 60 62 168
3 4 6 9 10 12 13 15 17 18 20 21 24 26 28 30 33 34 35 37 42 44 45 46 50 54 55 57 58 59 60 61 63 169
1 5 9 10 11 12 13 15 18 19 22 25 29 30 32 33 34 36 37 38 39 41 42 43 44 45 47 50 53 55 58 59 60 61 62 170
0 1 2 4 6 7 10 12 16 17 19 21 24 25 26 29 31 36 38 44 46 49 55 56 58 59 60 61 63 171
0 3 6 7 9 13 15 16 17 18 19 23 24 25 26 27 28 30 32 33 36 38 39 41 44 46 48 49 50 51 53 54 57 58 61 62 63 172
1 2 7 8 11 14 15 17 19 20 21 23 27 28 29 32 36 38 41 42 43 44 46 52 55 56 58 61 62 173
0 3 8 9 10 13 14 15 19 24 27 30 31 32 35 37 38 40 41 43 47 49 50 51 54 55 56 58 62 174
1 2 10 11 14 17 18 19 21 23 25 27 32 33 35 37 41 43 44 46 47 48 50 52 55 56 57 59 62 175
2 3 5 11 12 14 15 17 21 22 23 24 25 26 31 37 40 41 42 45 46 50 52 53 54 55 57 58 59 62 63 176
0 1 2 3 4 6 7 8 9 10 15 17 18 21 22 23 25 28 29 30 32 33 34 35 36 37 39 40 43 44 46 49 51 52 53 56 57 58 59 61 63 177
0 1 2 5 7 8 13 16 18 19 24 30 31 35 36 39 41 42 43 44 46 48 50 51 52 53 55 56 59 61 62 178
1 3 4 5 8 10 12 14 17 18 19 20 23 28 30 41 42 43 47 48 52 53 54 57 60 62 63 179
4 8 9 11 14 15 22 24 25 28 38 39 46 47 49 52 54 56 58 59 63 180
1 2 3 4 7 10 12 14 15 17 18 19 20 22 25 27 31 32 35 39 40 43 45 46 47 48 54 56 57 61 62 181
0 4 8 9 12 16 18 20 21 25 31 32 33 34 35 36 38 43 45 46 47 49 51 53 54 56 57 60 61 182
0 2 3 5 6 8 11 12 13 15 17 18 21 22 29 36 37 38 39 40 42 43 44 45 50 51 52 53 54 55 56 57 59 60 63 183
2 5 7 9 11 12 14 15 16 19 21 22 24 25 27 28 32 33 35 36 39 40 43 46 47 48 49 50 51 54 55 58 61 184
0 1 3 4 5 6 8 9 10 12 17 18 21 23 24 26 29 30 32 33 35 36 41 43 46 48 51 52 53 57 58 59 60 62 63 185
0 2 3 7 9 10 11 12 15 16 19 20 22 26 27 30 32 35 39 41 44 45 47 48 50 53 54 57 58 59 61 62 63 186
4 6 7 9 10 13 14 15 18 19 20 25 26 28 29 34 35 37 40 41 42 44 46 47 49 50 51 53 54 56 58 60 62 187
0 2 7 11 13 14 15 17 19 21 22 29 31 35 37 38 39 42 43 44 45 48 51 52 53 54 57 60 61 62 63 188
1 5 6 7 10 15 16 18 20 21 24 27 28 29 31 32 33 35 37 38 39 42 44 45 46 49 51 54 57 60 61 189
0 1 5 6 7 9 13 15 16 17 18 19 20 21 22 26 27 30 31 32 33 41 42 44 48 49 50 51 54 56 57 58 59 62 63 190
2 3 4 5 7 11 13 14 15 16 17 19 23 24 25 26 27 29 30 31 33 35 36 37 44 46 47 51 53 55 56 57 58 62 63 191
0 1 2 3 4 5 6 11 12 13 16 17 19 21 22 23 24 25 27 28 31 32 37 38 39 41 44 45 49 53 56 57 60 192
4 5 6 7 8 10 12 13 16 18 19 20 21 22 25 26 30 32 41 42 45 46 47 48 50 53 56 58 62 193
1 2 4 5 7 9 11 12 13 16 17 18 20 22 23 26 27 28 29 30 31 32 37 40 41 43 50 52 53 54 57 58 60 61 63 194
1 3 7 10 11 12 13 14 15 17 18 19 22 25 26 27 28 31 32 36 38 40 44 45 46 48 50 51 52 53 55 57 58 59 60 61 63 195
1 3 8 10 11 15 18 21 22 24 25 30 32 34 35 36 39 42 43 44 45 46 47 49 50 52 54 55 62 196
1 2 4 5 7 8 9 11 12 13 15 17 18 19 24 26 30 31 37 38 39 40 42 46 47 48 49 50 54 57 58 59 60 61 62 197
0 2 5 6 9 10 11 12 14 20 22 23 25 26 27 29 31 32 34 36 37 38 39 40 41 42 45 47 48 50 51 52 54 55 58 60 61 62 63 198
1 3 4 5 7 8 10 12 17 19 20 23 27 28 29 31 34 35 36 37 39 41 50 52 53 54 56 58 59 61 63 199
0 3 7 9 13 14 16 17 18 19 21 23 26 29 31 33 35 37 39 40 41 42 44 45 47 50 52 53 54 55 57 59 60 61 62 200
0 2 6 7 12 14 15 16 19 20 23 26 27 29 30 31 32 33 35 37 39 41 42 47 49 50 51 53 55 57 58 60 61 201
0 4 8 9 11 12 14 15 16 17 19 22 26 27 29 30 31 32 33 38 39 40 41 43 45 46 50 51 52 54 55 59 60 62 63 202
0 1 2 4 5 7 8 14 15 19 22 25 26 29 31 37 41 42 44 46 47 50 51 55 56 57 58 203
3 4 5 10 12 16 18 19 22 23 25 27 28 29 31 32 34 35 36 37 39 42 43 45 46 48 49 51 52 54 59 204
0 1 3 4 5 7 9 13 14 19 20 21 23 26 27 29 31 33 37 38 39 40 42 46 47 50 54 55 56 57 58 61 62 205
0 2 4 7 8 9 11 14 18 20 23 28 30 31 32 33 36 38 42 47 50 54 55 56 57 58 60 61 63 206
1 6 7 12 15 18 19 20 23 25 26 27 28 30 32 33 34 38 39 40 41 42 43 44 45 46 47 52 55 58 61 207
2 4 5 8 9 10 12 22 23 24 25 26 29 30 31 32 35 36 37 38 39 41 44 48 50 51 52 53 55 56 59 60 61 62 63 208
0 4 6 7 8 11 12 14 15 16 17 18 19 22 24 27 28 29 30 33 35 37 38 39 40 41 42 43 44 45 49 50 51 52 53 55 57 59 61 62 63 209
0 5 6 7 8 10 11 12 20 21 22 23 24 30 31 32 35 36 37 38 40 43 44 45 46 47 49 51 52 54 57 58 59 61 62 210
0 1 2 3 5 11 13 15 21 22 23 26 27 28 29 31 32 33 35 37 46 47 49 51 52 53 54 55 59 60 63 211
2 3 4 6 8 12 13 14 17 18 20 21 28 33 34 37 38 40 43 44 45 50 51 54 55 212
1 2 6 12 13 14 15 16 17 21 23 24 25 27 29 34 35 36 38 41 42 46 48 49 52 53 56 57 58 61 62 213
0 1 3 6 7 9 10 11 12 13 14 15 16 20 21 23 24 25 26 27 32 34 35 40 41 43 46 48 50 52 56 58 61 62 63 214
3 5 7 8 9 10 11 13 14 18 23 25 26 29 31 32 34 35 36 37 38 39 41 42 45 46 48 55 56 57 59 215
3 4 5 6 7 13 14 16 21 22 23 26 28 29 30 35 38 39 40 41 42 43 45 46 47 49 51 52 53 55 57 58 60 62 63 216
3 4 8 9 10 11 14 15 17 18 21 22 23 24 27 28 29 30 34 36 39 43 45 46 47 49 51 52 53 54 58 61 63 217
1 2 3 4 5 8 9 10 11 14 16 18 19 21 22 27 28 32 34 36 42 43 45 49 50 52 53 57 63 218
0 1 2 4 7 11 13 14 15 16 18 20 23 24 25 30 31 32 36 37 38 39 40 42 44 46 47 51 52 53 54 56 57 59 60 219
1 2 3 5 6 7 8 11 12 14 15 17 19 24 25 28 32 33 36 38 39 42 43 45 47 48 49 50 51 52 54 55 62 220
6 10 14 19 24 25 29 32 33 34 35 36 38 39 40 41 42 44 45 49 50 51 53 54 55 57 58 60 61 62 63 221
1 2 3 4 6 8 12 16 18 19 20 24 27 31 33 36 38 40 43 44 45 47 48 49 54 55 57 59 63 222
0 1 4 5 6 7 8 9 10 11 13 14 16 17 20 21 22 23 24 25 26 27 28 30 31 32 36 37 38 47 49 52 53 55 56 57 61 62 63 223
0 3 4 9 10 12 13 14 15 16 18 20 22 23 24 27 31 32 35 39 40 41 42 43 44 45 46 49 52 53 59 224
3 7 10 12 15 18 20 25 28 29 36 37 39 42 44 45 47 49 56 59 60 61 63 225
0 1 2 3 6 7 14 16 18 20 21 24 27 28 32 36 40 43 44 46 50 52 53 56 59 60 61 226
1 3 6 8 9 10 12 13 15 16 22 24 25 30 33 34 35 36 37 38 39 41 42 44 45 51 52 53 56 57 60 61 63 227
3 4 5 9 16 18 20 21 23 24 26 28 29 32 33 34 37 38 39 42 47 48 52 53 54 55 56 57 61 228
1 3 4 5 8 9 13 15 17 19 22 23 24 25 27 31 33 34 36 37 41 42 43 49 50 51 53 54 55 57 59 60 63 229
1 2 3 4 5 7 11 12 13 14 17 19 20 21 22 24 25 27 29 31 33 34 35 37 41 43 48 49 50 51 53 54 56 58 61 230
1 2 3 4 5 6 8 10 11 12 14 16 18 20 21 24 25 29 31 33 34 36 40 44 45 47 49 51 54 55 56 57 58 59 61 231
0 1 2 6 8 10 12 13 14 15 18 21 28 30 31 33 39 41 43 44 45 47 48 53 56 57 60 61 63 232
9 10 12 13 16 17 20 25 26 27 29 30 31 33 35 38 39 40 43 44 45 46 47 48 49 50 51 57 58 59 61 233
0 1 4 5 6 9 10 12 14 18 19 20 22 24 27 28 29 31 32 33 34 38 39 41 43 47 52 57 59 61 62 234
0 1 2 4 5 6 7 8 9 11 16 21 22 24 27 29 34 35 36 37 38 44 48 51 52 53 54 57 58 59 61 235
1 3 5 6 11 12 13 16 18 20 21 22 23 25 26 28 29 30 32 33 35 36 37 38 39 40 41 43 45 48 52 54 56 57 58 59 60 236
0 3 5 6 9 12 16 17 18 20 23 26 27 29 30 32 33 37 42 43 45 48 50 51 53 55 63 237
0 4 8 9 10 11 13 14 16 19 20 21 24 26 27 29 31 33 34 36 37 38 39 40 41 42 44 45 46 47 48 53 55 56 57 60 62 238
1 2 3 6 7 9 10 11 12 13 14 16 18 21 22 25 28 30 33 34 35 36 38 39 40 43 44 47 48 49 50 52 53 55 56 57 60 61 62 239
2 3 4 6 11 13 15 16 18 22 26 27 29 32 34 35 36 37 39 40 42 45 48 49 50 52 53 55 56 57 58 59 63 240
0 1 6 7 8 9 10 12 14 15 16 18 19 20 21 23 24 25 28 29 30 31 34 35 37 38 41 42 43 46 47 49 51 53 54 55 58 59 60 61 62 241
0 1 2 3 4 5 6 10 11 12 13 15 18 20 21 22 23 27 31 36 37 42 43 44 46 48 52 56 58 60 61 62 63 242
6 7 10 11 13 14 15 16 17 18 21 22 23 25 27 29 32 33 37 38 39 40 41 44 46 47 48 49 51 53 57 59 60 61 63 243
2 3 8 9 12 16 19 20 22 23 24 31 35 36 37 38 39 43 45 46 47 49 53 55 56 59 60 62 63 244
2 3 4 5 7 9 10 21 22 24 25 26 29 30 34 35 36 37 38 39 40 43 44 48 50 51 52 54 55 56 58 61 63 245
1 2 4 5 6 8 11 12 14 15 18 24 28 30 31 38 39 42 46 47 49 53 54 55 56 58 62 246
1 3 4 5 9 11 16 17 19 20 23 27 28 29 30 31 32 36 38 40 42 43 49 51 53 54 55 57 58 59 60 62 63 247
1 2 3 4 5 7 8 12 15 16 18 20 21 24 26 30 33 38 39 40 42 45 46 48 51 52 53 55 56 57 58 59 62 248
3 4 5 6 13 14 18 19 20 22 24 27 29 31 34 35 36 37 39 40 45 46 49 50 53 57 58 249
0 3 4 5 7 8 9 10 11 13 14 15 16 17 19 21 23 28 29 31 33 34 36 43 44 45 47 48 49 51 52 54 63 250
0 2 3 4 7 8 10 13 14 17 18 20 22 23 24 25 26 30 31 32 33 34 36 41 42 45 46 47 49 50 53 54 56 59 60 61 62 251
0 5 8 9 10 12 13 15 16 17 21 23 24 25 27 28 30 33 34 35 38 39 42 43 44 46 48 50 55 57 58 60 61 62 63 252
8 11 14 16 17 19 22 25 28 29 32 34 36 38 41 43 44 45 49 50 52 53 55 57 58 60 61 62 63 253
0 1 2 3 5 6 8 9 10 11 12 13 15 17 21 22 24 25 32 33 34 35 36 39 41 43 44 46 47 50 52 54 55 254
4 9 11 15 32 55 60 255