182 189 201 264 388 452 500 507 
7 141 151 158 280 304 335 349 
21 133 142 227 305 337 344 365 
2 47 94 109 187 280 437 466 
39 77 104 118 175 191 289 418 
67 171 203 276 330 351 396 480 
68 79 160 207 290 309 475 483 
49 77 91 148 182 210 419 448 
54 212 249 257 298 356 449 505 
12 139 218 236 340 389 403 427 
56 66 111 161 284 310 338 422 
193 221 279 331 365 377 387 471 
250 263 269 317 342 376 450 479 
21 45 85 97 109 285 345 409 
16 53 116 130 136 317 487 509 
61 144 174 188 212 303 343 492 
0 51 147 178 185 299 392 503 
7 41 179 197 273 414 436 478 
69 146 176 399 426 446 
40 45 85 95 140 172 220 430 
93 123 203 225 235 256 340 364 
73 98 214 447 457 504 505 509 
163 285 292 297 322 358 393 411 
37 86 100 119 324 333 334 376 
143 166 293 318 325 415 425 448 
146 213 292 311 386 457 492 509 
13 87 134 150 251 314 400 488 
8 54 61 66 155 212 280 428 
43 222 250 295 343 380 384 489 
78 134 318 331 339 345 354 372 
31 75 145 150 224 264 281 328 
49 75 86 107 250 376 425 490 
7 40 89 132 155 307 342 364 
20 100 142 170 257 356 409 452 
75 103 108 156 164 285 290 424 
43 109 171 266 349 373 400 432 
53 70 198 246 351 419 482 491 
1 27 122 140 225 229 301 375 
130 132 238 398 420 442 444 489 
122 154 157 261 296 388 409 496 
45 101 201 228 233 419 421 474 
28 40 46 143 362 364 383 494 
59 78 149 299 305 347 351 417 
29 59 87 125 189 271 357 470 
11 27 126 186 274 329 395 464 
76 84 162 178 214 247 295 446 
1 3 120 245 314 363 385 397 
63 165 168 176 250 267 268 371 
139 163 306 441 443 449 457 469 
117 226 259 439 473 487 
105 238 265 322 429 495 
29 234 246 270 380 387 437 496 
12 75 157 203 225 336 443 465 
11 17 88 90 279 403 471 481 
6 25 185 244 322 333 497 508 
20 98 126 152 283 373 418 429 
73 133 161 190 224 317 389 495 
29 41 336 371 425 455 470 506 
88 196 215 226 274 367 417 470 
73 83 322 353 362 441 443 458 
33 123 185 266 269 282 320 411 
0 19 50 158 226 272 297 442 
246 262 284 297 484 506 
80 104 137 261 326 345 393 463 
60 94 172 301 324 347 408 484 
109 156 283 290 334 400 428 485 
65 209 249 256 423 430 453 460 
1 147 206 227 247 271 496 499 
52 83 188 206 268 425 427 486 
68 76 193 287 412 434 473 493 
50 77 120 130 223 323 376 392 
26 64 128 256 307 323 327 502 
47 103 240 350 367 447 
88 366 384 406 417 422 442 500 
38 79 154 243 247 440 462 473 
15 18 152 204 235 355 484 503 
18 44 45 224 338 379 415 485 
84 174 183 286 294 324 391 459 
26 53 93 278 319 397 431 511 
144 198 211 270 327 365 375 486 
77 107 144 178 184 335 480 511 
41 57 186 201 317 371 457 481 
11 15 112 307 420 437 443 483 
34 35 230 243 296 318 343 430 
49 195 345 384 420 432 443 485 
43 97 117 194 209 269 403 472 
11 50 55 85 135 353 362 452 
3 12 17 23 39 189 370 472 
117 158 183 195 215 311 321 430 
117 131 144 197 233 278 287 313 
28 140 157 167 217 302 486 490 
79 111 213 273 296 299 343 371 
57 124 173 306 398 404 434 509 
145 177 181 238 315 318 363 392 
135 284 322 352 370 410 418 443 
4 16 20 24 155 287 459 461 
31 49 57 79 87 320 352 389 
23 43 74 184 284 398 442 447 
74 186 190 248 359 462 
19 44 54 191 258 275 363 379 
14 99 149 177 262 264 451 461 
37 56 101 197 217 240 260 454 
110 285 297 346 353 372 474 483 
35 48 96 147 183 309 316 342 
28 64 212 282 415 477 495 510 
324 337 355 361 368 390 402 505 
6 78 133 174 180 197 273 359 
76 105 142 185 271 275 360 474 
26 380 381 401 427 452 478 485 
24 92 126 141 361 408 456 492 
44 112 137 153 178 282 288 502 
136 255 286 287 361 378 385 449 
10 122 146 180 247 378 383 487 
119 135 137 145 251 289 400 455 
57 78 140 159 298 357 495 508 
67 131 234 385 392 458 
65 93 156 177 202 354 491 493 
25 86 148 263 265 314 391 485 
38 89 125 237 253 328 460 507 
10 62 254 260 266 358 370 470 
2 115 117 157 167 196 228 376 
34 114 150 217 246 374 404 492 
29 97 107 194 253 438 480 499 
51 70 268 321 366 395 456 464 
2 120 145 262 323 353 422 499 
84 222 245 265 315 316 393 482 
28 94 195 227 271 314 334 405 
16 123 209 248 277 355 410 471 
33 36 135 219 223 336 364 418 
116 124 168 173 179 204 281 326 
18 21 113 121 175 259 378 454 
54 106 127 186 232 299 407 419 
82 176 285 325 334 376 380 503 
87 174 252 259 332 336 398 475 
31 72 118 181 267 359 402 507 
12 249 258 366 391 453 492 506 
162 170 194 251 260 369 460 475 
19 62 102 231 241 270 274 488 
10 86 114 226 426 451 469 500 
56 258 352 375 412 440 501 504 
69 146 269 274 346 400 420 458 
35 90 149 155 180 391 422 426 
108 139 159 211 235 252 420 447 
25 29 86 141 259 278 313 445 
56 142 221 286 356 414 448 451 
39 176 185 277 404 447 488 507 
9 17 68 105 216 314 379 482 
59 112 116 228 370 413 439 489 
22 148 229 297 311 344 483 485 
24 39 95 292 399 459 
0 42 85 132 308 350 386 388 
113 335 417 433 454 466 467 511 
80 99 249 276 368 373 454 498 
9 96 254 259 260 422 432 460 
56 58 200 295 327 436 438 463 
56 83 121 145 176 238 268 478 
5 65 107 114 166 173 423 458 
13 52 111 289 290 292 395 435 
5 30 121 152 227 287 327 346 
62 159 175 190 196 348 372 487 
150 228 257 296 297 396 460 504 
3 80 220 229 300 317 349 391 
148 232 267 279 346 356 462 505 
55 190 196 248 320 348 412 431 
100 131 166 195 229 444 470 471 
16 152 204 308 312 422 451 469 
15 107 116 179 300 302 363 510 
17 40 58 167 182 186 198 247 
21 182 221 231 242 313 486 494 
92 137 176 249 255 323 338 446 
52 68 69 106 229 332 347 423 
48 103 108 171 335 394 453 493 
151 169 194 195 289 302 388 437 
20 51 60 70 160 326 374 509 
72 98 232 235 340 350 428 440 
156 157 216 285 293 339 377 463 
81 85 113 248 313 447 456 496 
90 152 202 324 397 448 463 479 
57 154 171 224 275 329 378 476 
66 79 128 231 301 310 408 420 
1 14 23 70 286 343 377 510 
4 22 72 162 169 205 272 279 
52 64 138 141 218 281 501 505 
189 220 291 369 386 401 428 480 
49 92 100 105 191 219 355 427 
9 110 248 277 299 350 431 480 
25 165 199 279 325 421 431 455 
47 99 194 236 264 272 365 402 
100 113 184 291 356 387 425 448 
177 184 189 281 416 461 476 484 
132 196 280 287 379 399 409 421 
44 76 87 143 199 301 445 475 
91 203 206 232 238 294 330 501 
79 173 226 286 373 397 405 428 
139 188 290 336 337 341 360 488 
74 78 98 163 241 242 370 468 
12 160 161 217 248 269 307 371 
104 153 169 259 319 329 445 476 
18 34 70 90 123 127 378 394 
63 65 275 281 309 379 
37 110 143 251 426 436 445 446 
43 64 208 240 266 403 415 469 
6 66 215 239 254 296 310 437 
19 107 138 216 234 319 338 387 
31 55 148 165 202 206 276 331 
104 126 147 175 267 304 375 511 
48 61 76 253 394 439 448 453 
4 131 167 214 289 352 408 461 
0 202 223 276 306 318 332 416 
5 13 67 81 133 165 335 470 
4 39 106 216 245 255 333 458 
46 82 98 102 115 136 163 347 
81 105 136 310 319 395 461 476 
36 63 180 214 238 253 336 456 
124 138 245 252 291 294 440 508 
33 38 103 115 177 242 294 362 
34 208 210 372 393 401 424 433 
137 148 199 402 424 429 431 467 
53 142 160 211 337 411 
44 61 95 192 275 326 466 507 
15 22 35 72 292 316 327 450 
128 192 214 219 277 315 389 396 
3 61 182 201 293 400 444 467 
5 18 213 243 244 261 307 315 
8 19 72 78 245 253 302 389 
24 27 59 97 106 170 288 438 
21 89 114 153 173 174 326 389 
31 32 60 102 190 235 277 332 
9 68 102 200 228 236 340 407 
16 30 85 122 144 205 266 477 
90 151 164 207 241 255 383 508 
135 234 283 303 341 357 418 424 
121 128 133 151 175 213 223 355 
20 80 105 120 381 382 386 494 
30 137 270 363 405 411 464 489 
94 230 261 262 265 333 408 488 
10 96 125 187 191 309 386 466 
35 47 183 209 274 296 410 468 
45 104 106 136 391 396 425 477 
23 49 87 114 206 329 361 505 
24 89 101 124 207 291 308 411 
41 46 150 220 304 387 444 496 
154 180 197 210 218 235 360 497 
27 82 122 161 207 242 367 401 
211 214 219 237 358 362 427 511 
122 158 184 307 423 426 433 483 
17 150 199 221 384 394 396 433 
5 57 106 178 184 312 330 407 
5 8 35 37 42 294 469 504 
0 9 91 163 240 288 293 441 
97 241 265 268 280 293 300 429 
48 75 192 243 352 369 438 489 
55 99 125 267 371 372 423 441 
32 208 256 258 303 311 366 388 
51 67 181 234 344 345 381 464 
10 63 229 294 321 432 478 481 
72 203 270 346 348 385 421 510 
40 68 84 134 168 187 364 413 
15 103 173 201 330 367 450 502 
80 121 164 253 288 403 453 506 
50 89 93 154 325 345 393 486 
9 34 120 123 244 328 463 478 
39 117 124 162 210 276 338 456 
13 28 67 207 208 246 254 274 
129 166 199 239 247 291 298 390 
33 50 250 298 369 491 494 499 
62 83 155 407 462 467 510 511 
10 30 38 47 51 201 271 277 
52 74 111 164 316 374 467 500 
54 70 186 242 258 347 377 429 
69 88 134 193 304 331 339 402 
1 95 104 110 321 357 392 481 
55 80 172 179 341 383 414 493 
73 116 167 243 283 303 360 439 
77 86 140 310 341 401 445 507 
112 123 187 190 301 373 433 494 
102 213 219 232 279 386 407 476 
8 36 130 200 271 325 379 455 
4 20 48 284 359 424 444 489 
51 66 305 451 452 469 480 502 
6 8 13 23 164 167 302 396 
47 71 152 181 212 322 387 410 
33 119 129 205 346 440 466 500 
153 158 223 262 305 404 415 490 
4 21 36 55 96 275 320 479 
17 216 218 340 380 412 435 442 
12 67 95 126 127 151 155 398 
125 132 268 273 315 334 381 491 
14 222 230 308 326 351 414 465 
168 179 191 337 381 445 446 483 
3 198 215 222 260 349 368 416 
32 110 244 261 282 305 414 421 
1 25 42 102 218 220 437 468 
50 64 100 149 225 265 278 397 
23 42 63 133 207 231 308 393 
8 142 215 304 375 390 465 490 
11 115 129 181 293 306 415 474 
0 6 69 251 315 329 334 477 
7 27 159 161 195 234 241 436 
30 233 330 358 369 378 390 405 
62 153 180 358 366 413 490 494 
37 91 119 245 417 435 474 498 
11 60 131 230 284 321 328 502 
99 101 145 205 236 348 459 465 
32 59 213 278 350 362 383 472 
16 36 53 58 193 246 435 450 
111 218 224 348 412 414 435 466 
115 127 147 337 390 398 423 434 
88 101 118 158 226 272 444 504 
99 171 200 224 330 411 456 496 
41 88 127 208 237 309 484 491 
32 45 219 267 341 403 438 482 
83 141 240 324 417 431 433 481 
6 121 130 183 223 239 319 409 
19 42 81 151 182 199 270 490 
3 37 183 198 256 257 280 446 
170 185 318 332 384 406 439 468 
92 147 170 286 300 421 439 488 
59 108 192 232 304 342 418 435 
143 153 278 292 311 353 457 462 
26 38 113 193 240 359 399 464 
65 84 131 146 241 255 272 323 
32 109 193 239 312 436 454 459 
26 93 281 353 360 372 457 503 
111 128 264 306 325 359 416 430 
84 126 179 323 405 413 473 479 
73 98 197 233 332 473 497 508 
2 14 165 168 181 320 357 462 
41 118 208 225 262 374 388 475 
69 156 169 189 252 338 401 451 
103 164 187 295 308 384 486 510 
58 209 228 251 341 369 394 503 
34 157 368 427 471 478 
33 74 82 233 261 321 498 499 
29 60 129 227 303 367 383 429 
93 110 227 236 298 404 406 504 
38 63 73 170 210 230 405 432 
7 62 129 344 381 406 449 464 
42 58 138 188 237 260 282 424 
82 94 149 174 312 350 382 487 
14 108 263 351 430 455 492 508 
160 168 172 188 211 374 392 412 
71 243 273 283 295 374 395 498 
25 31 139 172 215 394 413 479 
116 156 264 276 347 366 487 503 
61 71 92 249 301 349 
76 124 134 166 205 220 368 407 
2 30 60 119 141 230 404 493 
291 310 316 333 441 455 
26 113 172 365 463 472 491 506 
15 24 54 132 166 348 357 397 
81 144 217 244 269 349 460 493 
129 165 205 252 340 375 409 449 
14 27 53 71 95 331 333 468 
74 135 255 295 298 312 354 416 
82 96 97 154 250 317 343 354 
13 128 159 210 377 406 426 484 
96 112 239 311 313 352 436 452 
43 115 175 221 242 331 458 472 
136 177 283 385 410 419 497 498 
46 108 209 290 355 365 385 471 
40 58 138 146 266 282 299 499 
143 288 289 342 351 441 473 474 
18 52 212 237 335 342 408 482 
7 44 169 211 222 239 344 364 
77 109 134 160 204 231 
114 196 200 309 312 390 406 453 
28 71 161 162 206 237 316 442 
149 204 221 313 339 373 475 497 
89 120 203 244 303 370 432 509 
36 119 222 256 413 419 428 477 
91 94 200 225 328 450 472 502 
2 187 217 377 395 454 
71 101 178 191 194 233 380 468 
91 162 231 273 288 367 482 498 
75 140 198 327 328 358 459 479 
48 112 258 305 344 354 360 506 
263 302 354 438 467 501 
64 159 188 192 236 263 319 476 
92 138 169 263 314 416 449 497 
22 81 363 368 410 434 450 481 
66 90 127 252 320 402 440 461 
83 125 130 163 216 272 306 477 
65 139 171 192 204 329 356 500 
