18 32 177 205 422 636 1108 1451 
140 426 721 907 1384 1452 1478 1596 
17 89 236 1159 1300 1529 1973 2014 
333 439 668 800 1408 1436 1961 2047 
23 183 850 931 952 1151 1188 1430 
32 126 278 781 785 1159 1585 2032 
4 94 135 208 660 1124 1449 1531 
354 387 489 771 805 1117 1721 1971 
9 51 178 373 828 923 1628 1922 
318 986 1004 1370 1463 1629 1784 1892 
348 373 432 500 696 737 1207 1432 
347 622 1257 1263 1275 1329 1689 2044 
530 685 1161 1180 1659 1696 1805 2022 
372 621 1088 1124 1609 1696 1724 2016 
60 96 261 344 706 847 1796 2000 
388 397 399 690 806 1555 1614 1651 
155 193 620 857 868 1392 1422 2026 
164 199 415 788 1067 1161 1298 1625 
2 627 726 728 1006 1042 1379 1644 
346 880 999 1052 1264 1369 2036 2041 
732 843 858 901 1546 1610 1698 1763 
360 441 858 964 1158 1585 1643 1932 
210 555 699 783 1162 1361 1430 1728 
405 527 846 1345 1510 1893 1919 1996 
32 656 739 1167 1400 1739 1770 1819 
20 311 532 679 1228 1253 1637 1801 
431 832 1035 1161 1362 1916 1953 2004 
63 207 215 495 621 837 1670 2021 
97 349 372 802 1969 2008 
4 14 189 280 615 867 1430 1772 
8 139 900 975 1105 1846 1884 2025 
89 94 972 1071 1166 1197 1809 1899 
134 764 826 1196 1227 1368 1721 1852 
112 473 1150 1209 1229 1272 1317 1410 
315 337 549 587 923 1171 1600 1868 
132 176 411 573 691 958 1861 1871 
675 722 738 908 1261 1435 1875 1882 
201 393 940 1325 1362 1366 1590 1683 
21 123 509 1261 1410 1690 1725 2009 
22 249 315 697 882 1062 1434 1482 
617 682 929 1298 1387 1542 1812 1845 
100 145 332 898 1009 1103 1899 1903 
248 331 629 684 988 1464 1611 1640 
243 684 989 1274 1350 1470 1856 1992 
317 356 436 460 777 903 1341 1822 
47 411 523 880 1004 1040 1136 2036 
345 423 429 711 841 1526 1566 1797 
488 574 630 714 735 1315 1834 1842 
296 436 561 869 1194 1456 1753 1894 
167 199 431 966 1008 1074 1279 1733 
603 729 733 961 1591 1752 1771 1847 
593 853 965 1352 1448 1574 1604 1910 
42 277 861 890 982 1189 1770 2002 
76 194 225 762 1108 1509 1759 1821 
753 822 1102 1106 1250 1372 1617 1723 
166 218 324 402 577 580 1111 1956 
430 524 773 791 814 1020 1287 1304 
369 558 633 1127 1243 1310 1516 1572 
137 253 666 699 874 1239 1421 1759 
287 537 660 1213 1407 1471 1534 1999 
136 241 303 308 1150 1163 1231 1366 
85 491 754 809 1028 1730 1790 1949 
82 611 1184 1218 1400 1540 1764 1816 
70 236 326 595 884 974 1470 1655 
94 197 344 673 950 962 1445 1908 
237 688 753 816 1340 1703 1849 1895 
205 533 976 979 1238 1554 1837 1948 
591 885 1114 1236 1386 1635 1657 1930 
411 427 534 750 934 1117 1416 2023 
238 738 821 852 1187 1431 1492 1685 
91 294 584 851 1360 1409 1468 1593 
114 434 661 1552 1742 1850 1902 1949 
143 516 756 912 1024 1275 1579 1678 
511 645 687 1124 1126 1146 1658 1972 
273 544 595 724 835 1353 1617 1678 
141 486 805 1043 1160 1706 1832 1915 
59 792 914 1104 1485 1577 1825 1939 
69 84 634 891 1380 1475 1559 1721 
54 245 425 1236 1238 1353 1699 1853 
293 362 411 963 1179 1473 1603 1820 
551 856 962 1164 1278 1309 1362 1483 
830 853 1160 1177 1276 1480 1919 1920 
251 449 583 850 1137 1550 1738 2025 
249 345 667 677 685 825 1528 1653 
92 105 963 978 1460 1462 1574 1748 
15 366 715 1224 1281 1289 1513 1525 
93 161 454 461 1216 1371 1578 1706 
135 327 383 543 1274 1387 1797 1812 
54 408 512 1029 1051 1141 1368 2042 
243 603 631 958 1655 1814 
107 149 302 711 820 1003 1974 2018 
176 317 378 440 459 898 1010 1316 
137 552 566 608 727 745 932 1884 
144 229 480 695 1370 1392 1479 1579 
51 65 271 1069 1193 1248 1583 1833 
416 838 1176 1220 1766 1876 2015 2036 
140 180 607 640 671 673 1126 1551 
80 108 337 351 629 1190 1373 1848 
225 478 512 649 829 1139 1573 1667 
340 400 460 469 574 856 1431 1776 
248 470 1315 1385 1771 1845 2010 2028 
434 468 725 775 1035 1146 1445 1884 
197 354 407 550 689 813 1066 1108 
99 147 317 852 1192 1528 1787 1793 
103 265 559 672 1107 1515 1700 1943 
468 520 1140 1542 1722 1790 1874 1916 
215 507 511 828 834 885 987 1695 
408 551 571 624 902 1114 1493 1833 
285 492 607 638 671 778 1392 1404 
38 330 407 454 1282 1606 1760 1801 
230 326 568 687 732 1320 1455 1871 
93 109 218 773 1085 1212 1784 2021 
388 635 706 895 1229 1741 1918 2041 
426 463 491 1058 1321 1322 1452 1706 
30 272 452 1062 1297 1300 1393 1510 
365 502 521 614 643 900 1866 2042 
337 504 821 1319 1445 1707 1895 1929 
102 108 662 712 758 882 1209 1323 
251 472 524 741 955 1348 1417 1726 
95 600 1162 1244 1357 1583 1631 1640 
60 228 431 432 1415 1629 1697 1989 
289 716 1197 1326 1376 1405 1800 1936 
143 232 486 579 844 1279 1420 1861 
697 816 1242 1298 1342 1665 1870 1909 
166 181 301 526 1293 2038 
611 807 993 1004 1228 1576 1894 2042 
175 866 933 1121 1393 1482 1670 1819 
116 468 710 727 749 833 878 1667 
125 247 403 821 917 1410 1454 1912 
105 361 410 1508 1589 1744 1869 1940 
191 427 720 1073 1561 1853 1873 1958 
49 96 239 480 562 673 1475 1762 
488 707 1113 1279 1598 1852 1950 1980 
221 390 522 873 877 988 1010 1122 
98 913 1115 1278 1309 1456 1615 1983 
103 119 143 536 769 948 1217 1782 
418 550 835 1008 1170 1461 1664 1756 
370 609 1370 1452 1466 1819 1846 1863 
61 219 269 616 868 1409 1692 1839 
115 329 816 817 1036 1082 1487 1831 
243 551 1056 1061 1406 1612 1631 2023 
126 283 318 427 934 1108 1115 1964 
88 367 754 801 1299 1321 1755 1768 
293 557 810 1118 1319 1446 1710 1815 
247 321 797 1294 1572 1664 2014 2029 
196 730 865 897 906 1130 1247 1818 
186 309 664 702 833 1070 1149 1805 
560 801 1386 1578 1626 1655 1971 2032 
165 498 734 796 825 1630 1728 1881 
40 92 432 688 1025 1156 1823 1996 
409 1151 1188 1537 1590 1719 1884 2013 
1 51 419 591 1066 1391 1668 2041 
290 312 564 690 1445 1467 1757 2014 
156 703 726 1086 1135 1407 1619 1812 
181 570 757 1187 1297 1350 1497 1828 
185 679 854 868 1459 1674 1709 1957 
218 304 831 973 1151 1441 1609 1907 
17 440 499 1014 1343 1436 1630 1727 
269 566 913 920 960 990 1790 1820 
294 541 741 1339 1351 1935 1948 1991 
110 435 723 759 1215 1303 1366 1704 
35 98 520 652 1207 1267 1280 1441 
42 95 543 1188 1815 1844 1855 1924 
406 547 897 942 1239 1576 1642 1783 
293 887 1149 1154 1268 1515 1529 1701 
155 818 834 1110 1313 1382 1476 1804 
209 362 786 788 1371 1669 1686 1986 
26 656 759 1235 1329 1760 1780 1875 
61 307 335 1358 1411 1794 1866 2033 
80 481 580 771 1018 1124 1416 1643 
768 1110 1122 1140 1189 1641 1836 2035 
84 162 239 283 444 1216 1745 1930 
90 885 1365 1413 1467 1575 1578 1656 
239 309 592 602 724 1103 1741 1981 
13 56 416 1012 1742 1864 1908 1969 
142 208 397 509 713 804 1474 1592 
180 667 851 1075 1165 1245 1496 1578 
44 55 487 769 881 934 1212 1776 
303 349 1109 1130 1146 1337 1409 1874 
546 607 951 1010 1066 1556 1974 2037 
157 202 399 795 939 1243 1329 1967 
284 364 1045 1223 1720 1765 1911 1920 
53 291 591 905 1394 1767 1820 1998 
2 815 1360 1379 1528 1648 1789 2023 
893 973 1104 1194 1232 1587 1657 2019 
163 252 304 510 588 890 1969 1996 
553 871 1293 1503 1629 1707 1838 2023 
36 179 727 808 811 992 1257 1507 
72 943 978 1559 1581 1840 1966 1990 
102 654 896 1112 1169 1378 1689 1734 
97 107 267 458 1501 1557 1900 1927 
160 167 200 497 1418 1436 1480 1497 
328 433 703 837 1033 1568 1771 1961 
171 380 704 1565 1577 1728 1990 2039 
535 648 726 1116 1564 1759 1825 1827 
447 534 637 641 1005 1371 1416 1893 
265 790 933 995 1160 1219 1308 1801 
121 366 498 992 1186 1587 1692 1751 
300 709 736 1019 1203 1325 1848 2005 
20 106 1374 1666 1720 1732 1740 1835 
358 523 860 1271 1478 1532 1739 1816 
45 400 839 898 1308 1516 1649 1947 
175 927 1309 1519 1699 1803 1919 2046 
79 477 482 768 777 1019 1608 1769 
413 579 811 812 1460 1696 1914 1931 
141 340 375 786 1144 1469 
34 121 270 1056 1204 1225 1283 1923 
653 673 907 1021 1057 1372 1617 1739 
25 462 689 1076 1128 1673 1763 2011 
354 434 735 1178 1481 1620 1690 2028 
123 609 627 646 835 960 1491 2034 
39 231 274 343 544 580 648 1260 
219 450 706 1069 1182 1477 1722 1931 
47 206 454 630 946 1678 1921 2018 
400 572 615 826 1152 1276 1488 1987 
74 605 877 1335 1556 1754 2007 2016 
203 420 891 969 1031 1038 1131 1398 
261 326 729 941 1032 1425 1672 1968 
627 857 884 1142 1576 1682 1982 1994 
494 1139 1328 1378 1807 1947 1977 2003 
77 169 456 757 1379 1428 1650 1806 
29 363 479 659 710 999 1377 1414 
520 688 1086 1502 1731 1906 1922 2021 
45 198 217 516 1007 1137 1289 1835 
295 302 412 736 876 977 1717 2046 
208 220 431 640 986 1606 1630 1912 
64 84 521 808 1100 1122 1415 1466 
481 556 647 797 1010 1042 1205 1797 
645 1036 1183 1603 1705 1792 1828 1861 
91 503 817 896 923 1164 1316 1885 
235 538 613 1048 1426 1654 1727 1775 
556 825 936 940 1144 1326 1407 1419 
219 237 951 1137 1189 1493 1608 2039 
376 557 639 709 802 888 1596 1626 
77 271 306 877 1099 1504 1853 2039 
68 596 1090 1101 1199 1675 1745 1778 
18 372 441 560 704 1408 1687 1956 
909 1055 1162 1185 1652 1878 2014 2038 
95 302 424 430 603 992 2027 2033 
476 747 920 1137 1360 1618 1901 1929 
36 231 544 670 1027 1339 1506 1965 
43 205 864 875 1037 1448 1573 1616 
59 250 287 1192 1529 1533 1745 1817 
307 437 683 904 1540 1657 1767 2003 
670 764 784 895 1792 1897 1984 2005 
46 272 339 741 1175 1233 1429 1500 
464 949 1075 1143 1420 1758 1932 1983 
106 743 985 1247 1759 1925 1946 2027 
35 333 355 873 1006 1091 1363 1508 
68 125 530 977 1018 1091 1390 1917 
147 192 628 746 921 1384 1863 2013 
179 347 490 569 1138 1416 1573 1988 
169 357 588 998 1054 1205 1461 1831 
270 367 939 1067 1150 1225 1569 2021 
168 309 414 502 1248 1295 1648 1719 
35 68 116 716 1125 1864 1895 1909 
111 448 549 630 1189 1717 1896 1904 
433 784 791 1463 1566 1796 1894 2002 
238 447 864 967 1265 1356 1404 1418 
95 169 769 876 1064 1208 1269 1401 
380 385 391 779 870 1269 1383 1671 
11 222 726 906 984 1034 1464 1865 
247 357 913 1215 1491 1597 1675 1864 
93 838 1390 1572 1780 1858 1891 2018 
80 191 251 379 397 418 1229 1295 
239 353 482 612 1239 1260 1355 1927 
624 851 933 1202 1406 1442 1500 1596 
541 652 658 659 718 847 854 925 
233 426 872 878 960 1187 1288 1355 
465 601 1014 1228 1305 1308 1327 2045 
71 343 780 1034 1433 1499 1985 2024 
132 365 636 722 914 1103 1585 1957 
156 515 831 1368 1458 1512 1544 1775 
11 86 222 372 582 772 1134 1913 
429 601 929 1030 1375 1701 1858 2035 
363 685 763 800 908 1018 1155 1657 
177 276 1081 1155 1256 1392 1415 1461 
653 714 1296 1627 1712 1860 2012 2015 
183 270 408 524 987 1148 1256 1798 
107 1012 1476 1607 1623 1649 1952 2027 
344 660 811 897 1091 1318 1322 1756 
56 311 392 714 776 1685 1761 1849 
335 809 846 985 989 1101 1518 1993 
182 193 320 359 444 470 711 1397 
7 500 798 1014 1096 1258 1360 1817 
522 533 606 695 1610 1807 1880 1965 
195 628 875 1172 1208 1407 1490 1669 
313 435 470 636 1303 1618 1813 1906 
350 381 516 1129 1671 1862 1926 2029 
0 173 388 747 783 1059 1073 1616 
675 1180 1268 1273 1286 1330 1434 1779 
200 388 568 635 642 1311 1508 1513 
123 238 432 951 1310 1456 1592 1767 
225 469 608 728 966 1176 1627 1887 
119 216 304 454 678 924 1757 1818 
173 190 371 808 884 897 1373 1614 
146 241 305 878 1063 1266 1730 1834 
191 374 605 699 1077 1196 1753 1941 
3 553 807 1093 1175 1258 1359 1478 
268 591 642 1035 1441 1640 1703 1993 
289 670 1086 1390 1634 1648 1679 1748 
231 375 425 458 474 816 1694 1877 
226 282 543 550 810 941 977 1334 
178 590 965 1004 1383 1489 1626 1815 
83 360 417 476 656 1385 1701 1758 
149 290 787 1213 1251 1280 1792 1989 
690 1288 1289 1345 1386 1503 1691 1991 
14 26 683 1075 1162 1193 1521 1913 
37 240 264 1082 1172 1652 1842 1910 
79 97 661 675 788 1242 1753 1966 
279 300 737 1067 1261 1343 1483 1513 
22 37 150 307 614 684 1198 1562 
9 352 456 847 906 1239 1885 1888 
524 533 769 829 954 1237 1393 1691 
175 195 602 905 1334 1369 1792 1962 
45 628 974 1299 1323 1342 1488 1597 
4 129 223 1099 1174 1441 1972 2016 
26 525 538 618 1795 1851 1886 1931 
122 258 421 710 874 1218 1244 1623 
21 113 415 468 892 1403 1462 1945 
152 228 413 585 699 1178 1530 1990 
130 276 636 891 903 1325 1702 1921 
146 967 1045 1147 1334 1415 2033 2040 
286 358 1025 1164 1860 1901 1981 2027 
424 509 582 584 1036 1463 1716 2038 
199 485 718 1015 1412 1617 1728 1879 
148 391 715 847 1223 1246 1450 1745 
97 255 783 852 1167 1744 1753 2033 
9 121 267 1169 1261 1504 1608 1771 
136 941 1020 1184 1259 1628 1794 1875 
608 732 740 1125 1284 1400 1613 1986 
8 121 328 852 898 1232 1810 1876 
151 209 623 1254 1301 1364 1808 1813 
493 576 663 880 979 1095 1573 1770 
22 504 1003 1011 1280 1466 1636 1970 
100 394 732 918 1536 1736 1791 1840 
27 286 424 1051 1106 1691 1761 2008 
332 497 540 696 849 1075 1885 1947 
246 476 528 658 1228 1303 1718 1940 
5 114 413 573 1140 1214 1330 1451 
561 589 744 790 1199 1395 1435 1987 
574 1094 1210 1519 1652 1656 1750 1812 
12 222 326 531 554 1636 1824 1864 
56 295 514 697 1435 1444 1846 1918 
751 775 978 1086 1115 1144 1457 1571 
107 144 195 376 895 1276 1581 1642 
191 408 505 645 678 1116 1483 1693 
349 358 396 495 563 671 1294 2025 
164 353 971 997 1161 1302 1377 1479 
127 168 288 400 686 1427 1636 1936 
663 809 869 1222 1225 1316 1693 2034 
281 513 863 883 1438 1608 1791 1849 
73 973 1091 1107 1120 1602 1653 1888 
256 261 495 1001 1365 1514 1978 1992 
78 96 343 1176 1547 1615 1619 1998 
67 221 364 678 1197 1340 1388 1750 
82 128 178 311 547 774 1352 1547 
83 234 421 635 785 919 1191 2004 
145 310 863 1087 1121 1408 1582 1747 
409 598 1122 1212 1384 1692 1713 1792 
78 592 612 789 850 1778 1803 1883 
145 250 377 423 452 830 935 1314 
159 315 869 871 946 1498 1750 1763 
10 540 933 1121 1181 1193 1312 1580 
761 1264 1404 1485 1489 1500 1963 1989 
218 506 1041 1139 1408 1898 1991 2024 
382 528 1098 1214 1724 1780 1954 2013 
40 426 552 643 1032 1476 1714 1726 
198 503 641 691 793 1149 1418 1968 
426 728 1026 1037 1078 1380 1664 1665 
521 619 708 747 1125 1150 1431 1524 
507 579 1239 1559 1701 1922 2031 2040 
200 308 565 715 1149 1275 1772 1783 
129 385 641 731 864 982 1534 1851 
50 259 403 719 1029 1653 2006 2028 
1 1052 1186 1210 1283 1296 1588 1897 
850 924 974 1297 1343 1439 1942 2000 
90 183 355 650 1082 1153 1980 2037 
524 588 712 790 990 1060 1301 1991 
698 843 902 949 1257 1556 1839 1920 
186 523 569 675 911 1410 1589 1681 
154 286 1028 1071 1174 1288 1522 1523 
100 598 700 761 810 878 1063 1367 
245 817 926 1083 1736 1799 1840 2043 
256 907 1199 1716 1768 1916 1938 1944 
241 405 637 828 1001 1041 1399 1660 
155 466 578 769 1048 1389 1696 1755 
38 84 123 241 284 445 617 911 
90 277 470 907 1124 1247 1563 2020 
313 350 503 701 1198 1273 1434 2001 
403 604 826 1065 1118 1315 1435 1742 
129 348 366 1074 1173 1443 1818 1874 
45 811 1048 1181 1461 1878 1889 1891 
27 173 289 746 831 1065 1449 1571 
364 379 859 880 1056 1413 1560 1681 
76 182 362 426 553 575 1411 1997 
60 112 607 886 1168 1575 1667 1979 
22 580 905 1171 1414 1889 1990 2018 
32 190 446 627 628 658 1684 1819 
344 812 1091 1279 1476 1595 1898 2014 
12 306 608 856 1002 1185 
579 585 721 1100 1337 1375 1670 1812 
88 118 252 540 1515 1826 2010 2043 
33 166 1120 1250 1310 1341 1695 1859 
20 133 256 405 598 931 1425 1827 
582 1210 1711 1713 1739 1761 1810 1916 
10 115 767 771 998 1016 1435 1892 
274 950 1037 1093 1133 1539 1755 1769 
14 690 1050 1074 1184 1188 1612 1641 
74 167 411 896 1230 1477 1480 1841 
93 377 453 1072 1674 1684 1893 2005 
232 447 490 848 1459 1590 1804 1824 
151 279 386 662 791 1777 1786 1999 
56 188 334 578 1147 1264 1646 1656 
411 461 944 1079 1246 1255 1623 1639 
201 870 879 938 1469 1503 1524 1620 
239 315 785 1144 1210 1808 2030 2033 
148 165 211 214 249 1318 1505 1680 
294 546 784 1095 1322 1568 
70 342 705 760 925 983 1021 1201 
392 809 883 1437 1455 1594 1840 1956 
491 671 679 723 982 1083 1116 1393 
26 499 505 872 1543 1736 1738 1852 
257 321 640 709 865 1109 1171 2037 
35 369 625 752 866 938 1122 1774 
17 20 322 596 916 1255 1460 1731 
361 378 800 912 1090 1257 1456 1467 
211 261 362 700 812 1206 1352 1801 
62 115 746 847 1102 1534 1682 1778 
63 469 555 572 593 1097 1359 1995 
1314 1399 1486 1667 1688 1923 2009 2023 
238 582 588 916 1318 1692 1984 2005 
223 454 494 598 1092 1202 1487 1955 
24 157 978 1032 1143 1200 1345 1539 
301 365 383 665 1048 1213 1306 1986 
370 492 578 745 1304 1328 1387 1652 
124 265 435 865 1070 1232 1357 1788 
321 457 936 1319 1395 1632 1638 1985 
94 142 386 1129 1371 1508 1575 1902 
127 1133 1145 1440 1493 1525 1540 1638 
25 152 263 355 782 1185 1584 1710 
119 1054 1062 1386 1715 1856 1933 2043 
124 418 478 857 1123 1743 1851 1871 
442 743 948 1061 1448 1512 1743 1941 
6 100 331 859 1552 1588 1593 2004 
263 356 1306 1402 1438 1444 1713 2013 
153 227 356 585 755 1296 1394 1538 
8 13 310 838 899 950 1541 1906 
41 564 599 911 979 1830 1997 2011 
246 491 508 784 995 1083 1226 1353 
20 922 938 968 1251 1270 1737 1762 
226 851 1125 1203 1467 1499 1515 1726 
794 961 1112 1231 1484 1553 1857 1996 
8 329 518 915 962 1156 1327 1883 
510 626 760 974 1074 1291 1619 1938 
119 810 845 978 1030 1526 1795 1975 
298 392 413 501 707 819 1102 1437 
485 675 764 1099 1464 1544 1577 1687 
46 1052 1123 1307 1327 1700 1715 1866 
43 521 613 858 1181 1393 1872 1978 
91 417 615 1078 1301 1656 1814 1898 
398 500 1342 1514 1523 1532 1587 1927 
14 70 562 677 927 1172 1346 1807 
47 245 462 531 853 1249 1262 1438 
202 267 613 746 1245 1421 1549 1908 
134 254 303 340 500 650 756 1112 
165 376 794 1107 1262 1505 1613 2016 
136 254 368 471 501 601 642 1583 
11 134 273 650 823 1004 1012 1264 
285 595 1024 1412 1479 1669 1708 1913 
112 295 830 862 1109 1595 1738 1921 
745 860 1134 1457 1606 1676 1677 1747 
285 385 882 887 1121 1361 1458 1554 
36 374 1241 1520 1557 1596 1890 2034 
54 839 1012 1165 1369 1379 1755 1843 
19 832 846 1061 1108 1372 1729 1959 
75 116 267 346 664 1711 
213 304 529 912 1284 1592 1797 1889 
12 249 402 819 1421 1438 1520 1718 
233 390 392 725 1148 1417 1547 1680 
178 293 682 839 857 1481 1765 1769 
224 643 970 1016 1428 1638 1770 1773 
453 776 845 1092 1115 1627 1643 1687 
196 1347 1448 1526 1749 1770 1904 1932 
34 148 194 198 882 1230 1479 1867 
766 837 1191 1218 1658 1699 1972 2030 
129 393 943 997 1095 1350 1553 1999 
3 316 443 444 488 563 1328 1867 
248 631 632 1139 1443 1551 1646 1663 
75 261 284 401 713 1516 1894 1957 
42 457 618 1123 1587 1836 1945 2015 
383 787 1215 1368 1416 1885 1914 2034 
104 225 312 775 968 1357 1624 1737 
49 154 210 275 438 690 1229 1704 
414 485 519 797 947 1509 1956 1996 
316 437 990 1104 1277 1429 1799 1905 
170 649 945 1158 1321 1324 1391 1865 
158 274 631 1069 1249 1344 1936 1960 
54 766 936 1071 1375 1535 1945 1951 
414 1151 1219 1246 1498 1868 1909 2029 
129 383 559 676 860 1198 1727 2047 
451 599 898 911 930 1060 1131 1882 
258 433 1013 1022 1085 1381 1601 1709 
249 325 511 571 703 1768 1985 1991 
106 317 526 610 971 1398 1581 1977 
2 7 204 333 529 640 1015 1031 
293 518 1045 1150 1348 1658 1944 1986 
228 456 546 945 959 1607 1929 1982 
174 196 387 979 1440 1504 1627 1890 
43 147 318 731 840 1287 1342 1876 
47 79 423 424 952 957 1057 1295 
875 907 1219 1256 1273 1594 1671 2015 
5 8 59 88 1056 1119 1495 1800 
143 155 220 404 879 1581 1816 1997 
89 457 627 862 970 1342 1453 1708 
120 417 934 1114 1514 1766 1877 2008 
115 191 331 1289 1291 1452 1473 2030 
160 1049 1141 1195 1424 1476 1484 1933 
458 465 468 944 1283 1593 1628 1854 
287 579 689 847 1278 1334 1388 1705 
31 338 442 474 481 1255 1776 1899 
594 755 917 1534 1887 1889 1929 1984 
138 257 430 881 1309 1471 1487 1617 
137 669 888 977 1018 1267 1497 1925 
204 382 488 502 1007 1363 1612 1895 
34 175 179 180 508 1255 1483 1762 
50 287 694 1282 1572 1590 1641 1932 
237 651 739 789 839 1019 1520 1915 
11 37 55 407 713 855 953 1351 
94 189 480 717 728 876 1868 1972 
13 76 466 744 1050 1055 1662 1975 
252 1013 1082 1090 1205 1660 1785 1897 
349 574 920 972 1027 1685 1757 1830 
30 677 704 873 1088 1132 1377 1926 
217 288 461 1031 1330 1423 1470 1527 
149 329 482 607 954 1180 1322 1485 
161 260 491 793 1489 1535 1624 2019 
87 379 802 894 902 940 1249 1753 
90 130 460 983 1042 1078 1222 1286 
34 86 464 939 1277 1686 1877 1914 
374 495 778 840 893 1119 1638 1851 
684 685 1129 1155 1157 1411 1492 1635 
244 267 704 798 981 1148 1614 1816 
371 620 708 887 1066 1472 1837 1844 
70 331 571 725 980 1062 1777 1780 
175 424 502 864 1135 1299 1845 1887 
99 145 549 1191 1369 1419 1870 1987 
233 249 459 527 693 795 1117 1790 
705 740 777 961 1002 1038 1304 1714 
12 108 871 893 1356 1381 1765 1915 
720 917 1128 1376 1520 1667 1830 1838 
25 290 554 1156 1402 1432 1661 1877 
519 570 629 876 991 1237 1299 1522 
11 552 666 882 1207 1328 1644 1882 
62 148 431 983 1127 1190 1263 1651 
319 341 799 1206 1297 1375 1446 1869 
1146 1176 1231 1444 1916 1933 1979 1980 
404 711 1142 1278 1292 1351 1670 1969 
179 792 1090 1412 1467 1608 1676 2007 
294 630 773 1363 1403 1496 1539 1741 
310 373 513 894 1225 1511 1588 1677 
469 668 869 1150 1209 1214 1864 2012 
146 281 662 882 1153 1374 1519 1921 
55 385 806 1350 1352 1460 1677 1878 
135 154 512 881 892 1321 1613 1844 
142 212 415 479 941 996 1294 1881 
170 455 547 624 1275 1346 1455 1811 
114 339 350 621 921 1411 1465 2004 
352 374 1111 1307 1440 1511 1977 2040 
291 296 872 1076 1237 1607 1749 2041 
87 134 475 1159 1378 1623 1715 1935 
131 253 268 532 967 1084 1431 1440 
75 323 1080 1405 1786 1849 1967 2017 
55 548 573 703 940 1329 1431 1769 
251 253 567 609 854 1286 1500 1695 
64 275 409 1213 1289 1297 1585 1860 
162 265 566 570 1001 1462 1724 1873 
120 232 356 672 1283 1661 1931 1976 
379 661 748 1367 1451 1545 1943 1952 
515 589 657 1252 1591 1653 1742 1979 
163 806 887 966 1097 1126 1272 1320 
113 144 243 658 782 973 1678 1702 
188 437 629 899 916 1158 1245 1401 
76 117 197 1171 1260 1336 1554 1899 
77 464 714 1205 1218 1494 1496 2036 
0 795 845 957 1166 1610 1775 2011 
334 347 777 866 1274 1402 1636 1904 
200 659 1029 1425 1723 1856 
297 401 477 590 610 692 751 1201 
172 387 517 698 704 737 1774 1811 
172 218 671 908 1361 1543 1711 1890 
335 559 598 916 1197 1212 1665 1865 
10 419 482 1669 1716 1800 1945 1974 
260 539 547 1036 1179 1191 1451 2005 
105 283 314 631 676 848 1570 1820 
444 672 923 1216 1266 1394 1635 1890 
15 614 700 813 1100 1243 1437 1747 
112 443 471 1230 1429 1545 1549 1847 
202 361 622 767 1042 1093 1355 1821 
682 1076 1198 1202 1217 1566 1796 1931 
163 182 264 345 377 1114 1141 1199 
227 240 680 733 761 1215 1636 2032 
375 758 793 843 1047 1301 1427 1511 
120 563 924 1514 1791 1821 1955 1966 
971 991 1326 1379 1590 1829 1847 1894 
331 409 471 944 1210 1744 1805 1963 
268 451 591 600 780 926 1739 1833 
16 467 561 696 885 970 1101 1287 
119 394 616 632 680 711 906 1545 
85 825 839 959 961 1005 1409 1457 
40 72 368 497 792 1482 1641 1813 
73 102 372 952 1123 1439 1570 1788 
768 858 1017 1240 1252 1359 1376 1498 
705 804 1289 1355 1364 1465 1577 1861 
342 452 832 1064 1292 1319 1372 1952 
170 457 844 1129 1280 1474 1521 2008 
75 154 388 503 1042 1100 1523 1572 
122 351 537 560 1017 1170 1367 1954 
58 268 629 715 1850 1886 1892 1933 
170 291 715 868 901 947 1353 1548 
5 48 430 918 1018 1645 1869 1907 
703 932 1021 1235 1298 1391 1791 1974 
129 477 782 1204 1459 1825 2015 2020 
398 678 873 953 1067 1492 1666 1723 
9 743 782 1000 1405 1430 1751 1793 
4 318 369 564 1720 1940 2016 2045 
168 242 455 548 761 821 896 2001 
780 968 1044 1478 1862 1933 
309 539 742 786 909 1037 1046 1333 
279 590 634 1050 1097 1285 1689 1790 
1 221 827 1604 1684 1721 1814 1994 
350 520 653 719 804 818 1363 1720 
235 519 877 1088 1170 1205 1472 1946 
535 730 937 1113 1137 1634 1687 1981 
16 822 901 928 1105 1506 1950 1973 
413 478 495 1002 1027 1735 1857 1911 
227 494 578 1271 1530 1954 1970 2018 
273 827 921 1310 1314 1336 1398 1926 
67 111 205 355 505 674 988 1782 
118 296 488 751 803 863 952 1448 
3 642 897 1031 1440 1604 1743 2041 
141 247 382 1278 1282 1540 1722 1850 
212 257 259 420 550 565 803 1282 
231 438 890 1071 1217 1560 1653 1924 
399 655 758 1074 1140 1669 1876 1912 
93 377 751 971 1588 1633 1900 1930 
78 239 419 698 1127 1290 1633 1924 
173 569 672 823 874 1120 1168 1883 
262 584 662 893 1633 1698 1802 2023 
115 307 486 818 873 1174 1182 1650 
998 999 1108 1155 1228 1395 1603 1798 
271 557 663 892 914 1131 1240 1400 
74 404 430 520 1058 1234 1587 1642 
168 625 686 915 1063 1645 1777 1843 
224 235 265 597 1479 1564 1565 2019 
22 77 101 911 918 1098 1465 1580 
186 263 647 877 1276 1450 1793 2037 
89 215 458 768 826 1220 1453 1704 
270 518 748 1007 1380 1622 1795 1929 
50 340 668 735 891 1458 1509 1589 
28 181 203 865 893 998 1356 1804 
132 378 529 770 1038 1064 1422 1940 
570 629 987 1470 1632 1863 1868 2027 
473 829 950 1032 1147 1152 1307 1593 
269 525 658 859 948 1348 1433 1463 
367 600 681 928 1253 1468 1491 1735 
76 513 779 819 857 1094 1129 1541 
109 470 578 949 1347 1682 1817 1837 
487 734 1011 1164 1502 1613 1655 1850 
248 406 1039 1185 1295 1426 1788 1800 
306 506 1252 1338 1382 1607 1750 2039 
110 138 241 375 1084 1313 1332 1890 
81 157 368 371 559 1804 1839 1923 
108 254 464 594 749 968 1336 1632 
230 771 1012 1021 1114 1254 1368 1599 
184 277 838 1049 1167 1365 1409 1707 
622 672 809 867 937 1803 1825 1953 
230 289 371 554 609 1082 1127 1959 
222 378 1000 1077 1254 1326 1405 1808 
230 465 549 621 1047 1135 1217 1916 
614 670 1001 1055 1144 1226 1518 1741 
15 250 373 1131 1230 1497 1655 1682 
40 216 271 573 582 1281 1598 1980 
210 278 319 890 1073 1118 1338 1511 
178 568 601 641 955 1246 1482 1756 
612 820 843 1169 1290 1291 1660 1925 
83 503 571 704 776 787 1347 1795 
498 924 989 1029 1266 1345 1383 1824 
2 26 117 139 429 760 1248 1702 
24 30 308 427 701 789 948 1462 
23 198 211 844 888 1167 1196 2009 
19 328 834 1097 1194 1325 1608 1754 
451 752 763 1093 1373 1539 1668 1928 
233 568 651 717 1085 1106 1136 1691 
29 679 790 929 1180 1591 1783 1892 
101 207 226 1044 1093 1143 1262 1954 
177 244 480 483 612 731 1748 1752 
325 699 802 1047 1335 1682 1720 1907 
61 379 499 995 1229 1275 1512 2001 
46 821 1063 1073 1346 1408 1700 1883 
486 713 742 837 899 1044 1522 1948 
59 133 235 1138 1215 1672 1789 1835 
230 723 889 1172 1360 1867 1998 2035 
6 161 207 1049 1107 1224 1519 1983 
496 724 749 1221 1272 1391 1577 1731 
65 163 214 680 971 1162 1548 1560 
799 919 937 1246 1535 1550 1722 1777 
41 282 305 613 696 1032 1041 1951 
361 505 1551 1558 1796 1809 1960 1989 
354 428 565 1463 1490 1537 2025 2037 
75 99 708 915 1404 1603 1696 1797 
83 360 1381 1512 1744 1751 1833 1945 
337 784 1470 1489 1507 1600 1631 2040 
171 256 462 578 981 1120 
188 254 549 763 850 1118 1390 1930 
162 482 733 985 1009 1030 1130 1522 
153 229 491 967 1021 1316 1773 1909 
147 211 429 880 1129 1215 1517 1646 
146 295 350 615 637 689 1067 1697 
86 171 441 1206 1429 1533 1737 1837 
145 382 461 484 490 623 990 1405 
823 858 1235 1408 1748 1832 1852 2002 
365 542 678 829 848 1165 1257 1313 
136 1079 1329 1437 1554 1905 1952 2025 
258 322 527 593 742 964 1114 2043 
264 576 594 956 1136 1557 1582 1709 
7 189 404 685 795 1355 1474 1712 
236 565 640 664 741 967 1480 1873 
86 223 311 510 548 744 924 1875 
152 291 311 626 902 1123 1145 1400 
101 322 338 518 1028 1182 1506 1662 
312 633 787 1064 1143 1494 1558 1905 
16 34 347 506 1157 1544 1590 1994 
286 475 1166 1747 1798 1811 1876 2012 
325 501 1119 1395 1440 1472 1631 1843 
109 110 583 660 1089 1132 1332 1786 
84 284 1371 1393 1576 1611 1663 1775 
103 141 303 521 949 1072 1413 1499 
244 545 616 620 945 1084 1903 1999 
111 999 1028 1176 1379 1528 1794 1886 
321 475 610 1103 1475 1604 1721 1738 
51 149 244 280 903 922 1073 1730 
98 348 367 1141 1501 1724 1808 1853 
431 798 1021 1318 1370 1657 1706 1779 
425 796 855 910 1010 1233 1547 1948 
132 221 258 435 602 1316 1330 1701 
137 204 447 479 541 1647 1917 1981 
88 695 1011 1665 1703 1714 1740 1962 
33 253 299 608 1170 1397 1703 1917 
57 118 232 879 976 1261 1607 1774 
38 322 532 1062 1096 1176 1616 1959 
87 274 416 467 494 789 986 1686 
739 1091 1244 1347 1555 1674 1811 2010 
449 465 1078 1370 1420 1773 1856 2003 
192 346 677 921 1277 1359 1797 1860 
91 157 334 448 498 604 1219 2042 
30 310 611 740 836 1057 1324 2011 
0 92 232 1374 1392 1526 1925 2010 
27 770 843 860 895 947 1006 1791 
223 1090 1133 1386 1494 1630 1633 1874 
101 323 977 1047 1169 1567 1802 1951 
292 383 1016 1173 1292 1433 1700 1980 
344 453 689 1164 1638 1679 1757 1997 
370 607 888 1136 1200 1551 1789 1877 
6 53 217 1385 1465 1548 1604 1988 
439 564 769 987 1057 1708 1750 2026 
493 904 1110 1199 1212 1586 1892 1964 
366 459 878 1009 1211 1376 1578 1880 
52 126 272 484 650 781 1204 1758 
53 551 1077 1364 1425 1560 1588 1857 
96 224 282 333 473 639 1152 1278 
6 126 586 815 1111 1380 1518 1618 
48 355 792 1298 1350 1471 1646 2026 
224 710 779 1340 1674 1709 1782 1823 
39 241 246 381 626 1019 1423 1651 
125 192 461 633 951 1660 1870 2022 
265 796 872 949 1186 1188 1295 1611 
210 255 512 955 1156 1236 1346 1878 
245 433 1157 1241 1265 1373 1597 1827 
554 881 956 1027 1174 1532 1683 1941 
98 673 770 808 865 1072 1787 1903 
403 565 586 748 863 1225 1513 1879 
512 536 645 754 887 1232 1680 2037 
13 349 469 576 619 717 805 1781 
628 996 1060 1081 1100 1324 1628 1847 
393 508 849 1015 1467 1580 1671 1713 
117 525 1068 1522 1845 1903 1930 2046 
391 397 939 1224 1253 1651 1769 1901 
135 236 943 1272 1759 1779 1782 1848 
90 459 683 989 1120 1695 1842 1848 
198 504 521 576 768 1331 1469 1928 
385 664 797 883 1099 1126 1204 1397 
194 736 788 869 1291 1315 1529 2032 
251 496 1324 1449 1569 1672 1829 2017 
12 131 913 1103 1311 1351 1620 1721 
424 446 683 814 1367 1507 1761 1944 
104 632 875 1076 1274 1754 1795 1992 
197 429 542 543 796 1088 1149 1218 
140 156 459 691 832 1488 1568 1784 
87 90 345 437 1232 1579 1598 2043 
133 252 798 1502 1510 1574 1751 1977 
122 485 502 794 995 1099 1465 1904 
376 394 750 976 1473 1574 1902 1953 
153 197 577 707 977 1152 1241 1422 
65 147 310 336 380 1057 1119 1804 
220 274 278 490 1364 1493 1520 1529 
80 130 257 516 666 958 1637 2038 
58 85 264 596 949 1055 1374 1788 
301 377 484 1166 1309 1366 1567 2020 
398 931 960 1270 1294 1461 1594 2035 
3 479 682 1300 1565 1732 1734 2019 
556 627 749 854 867 1159 1549 1959 
384 412 507 651 986 1343 1512 1550 
332 532 606 839 991 1224 1822 2019 
190 438 492 1027 1390 1423 1481 1859 
109 150 382 669 756 1659 1799 2044 
674 819 820 1017 1311 1321 1693 1728 
159 329 462 900 1015 1244 1472 1902 
679 1096 1193 1203 1768 1790 1880 1997 
343 473 551 556 813 1142 1612 1853 
229 412 638 1053 1224 1475 1544 1587 
152 886 901 965 969 1344 1531 2005 
0 992 1026 1128 1179 1632 1659 1926 
389 618 759 1331 1357 1631 1650 1947 
389 474 894 896 1058 1417 1855 1901 
297 314 386 414 693 706 1345 1897 
66 121 127 540 1302 1490 1932 1937 
320 374 802 1025 1140 1477 1490 1788 
774 1024 1094 1110 1387 1601 1789 1961 
234 456 525 567 817 969 1128 1132 
266 319 451 555 1009 1498 1601 1970 
376 454 533 1204 1522 1789 1896 2008 
185 231 254 496 1332 1397 1842 1908 
68 333 555 755 1070 1187 1691 1960 
726 739 875 1132 1135 1208 1535 1639 
39 56 119 635 790 1624 1886 1990 
8 104 501 562 846 1017 1113 1775 
399 592 811 832 863 1250 1288 1835 
100 110 296 489 1507 1573 1583 1910 
155 235 517 626 644 733 1911 1937 
43 181 245 788 824 1005 1154 1993 
128 252 281 436 686 1157 1663 1999 
296 363 444 483 790 1175 1341 1838 
167 214 750 1195 1323 1421 1436 1545 
45 217 336 807 1783 1895 1936 1983 
116 518 575 907 1087 1258 1644 1650 
276 347 492 615 1452 1524 1740 1882 
175 356 1286 1422 1545 1765 1956 2031 
471 517 568 1367 1480 1697 1924 1955 
84 204 238 409 1832 1849 1931 1937 
359 634 642 705 1007 1558 1616 1863 
31 174 625 1627 1662 1826 1875 1909 
304 1227 1343 1501 1714 1774 1971 2031 
320 528 543 738 935 942 1078 1194 
247 793 1007 1195 1292 1320 1349 1888 
180 440 501 766 935 1148 1498 1643 
104 148 279 984 1071 1533 1866 2018 
42 74 144 196 432 441 498 1149 
220 366 597 642 858 930 1178 1224 
307 381 535 875 1496 1600 1640 2029 
157 203 439 612 1601 1603 1762 1967 
287 461 589 657 663 849 1577 1831 
222 1055 1072 1134 1432 1613 1693 1963 
818 1022 1068 1240 1306 1570 1594 1846 
663 676 823 884 1282 1446 1766 1869 
223 387 911 1072 1683 1879 1909 1934 
139 161 342 450 740 1414 1457 1942 
105 490 507 914 1173 1305 1942 2002 
19 33 202 260 327 478 947 1333 
136 149 800 958 984 1562 1851 2003 
298 472 621 1173 1183 1274 1402 1494 
463 1231 1351 1546 1676 1694 1805 1836 
206 730 983 1398 1399 1670 1679 1929 
27 150 751 1171 1221 1287 1442 1716 
266 970 1016 1037 1208 1685 1758 1765 
89 321 546 722 1034 1255 1633 1764 
500 546 918 1521 1544 1743 1830 1844 
96 386 827 1420 1556 1597 1752 1831 
448 1024 1145 1247 1426 1658 1796 2047 
601 861 909 965 975 1333 1387 1621 
390 393 597 899 1034 1243 1503 1846 
131 141 310 545 1106 1468 1537 1585 
43 228 357 871 981 1063 1305 1338 
92 443 460 861 1106 1120 1303 1850 
110 212 248 325 774 1178 1274 1749 
363 613 647 722 1241 1897 1958 1984 
31 624 1015 1567 1822 1943 1998 2044 
147 465 655 1079 1092 1511 1711 1713 
528 708 812 918 1189 1427 1649 1868 
7 207 667 1052 1201 1599 1683 1688 
87 466 567 964 980 1642 1866 2004 
183 224 548 692 844 892 981 1009 
38 217 396 452 632 762 1419 1793 
15 69 72 604 698 1040 1148 1852 
2 127 282 485 1099 1389 1884 1992 
655 1022 1227 1469 1605 1654 1862 2045 
121 759 1166 1303 1345 1417 1768 1974 
190 420 842 870 1066 1244 1561 2000 
341 527 1234 1501 1649 1894 
357 367 1013 1399 1403 1641 1687 1874 
74 193 328 364 771 1124 1949 1958 
82 330 633 771 775 780 1527 1645 
822 917 1059 1072 1315 1507 1673 1831 
67 471 767 1078 1318 1396 1740 1861 
81 308 463 1227 1256 1486 1506 1659 
63 452 616 1044 1293 1505 1535 1858 
62 225 278 316 1005 1178 1357 1534 
32 341 779 815 888 906 1633 1832 
4 135 171 262 582 979 1596 1957 
153 466 537 1153 1566 1571 1629 1704 
227 391 868 975 1453 1701 1818 1966 
205 236 276 620 849 1038 1085 1910 
140 1293 1762 1800 1807 1901 
28 1356 1458 1533 1646 1744 1828 1859 
120 595 617 681 808 1290 1406 1964 
111 1125 1214 1602 1605 1649 1907 1911 
232 371 520 1084 1314 1340 1872 1918 
308 462 592 665 1059 1117 1166 1423 
131 380 786 872 894 1208 1536 1854 
114 153 164 425 928 1152 1554 1757 
68 519 654 842 1135 1332 1484 1678 
139 442 517 695 1319 1327 1627 1787 
82 866 1170 1243 1475 1722 1856 1900 
68 299 559 710 1004 1413 1648 1919 
564 937 1159 1160 1442 1745 1802 1985 
154 289 686 693 1104 1109 1151 1740 
376 455 665 878 1145 1175 1232 1417 
6 216 240 312 420 1690 1809 2026 
275 290 396 529 676 1168 1258 2044 
73 125 130 1374 1401 1665 1697 1735 
432 1389 1459 1589 1722 1776 1989 2006 
189 386 417 972 1238 1800 1830 1873 
222 814 1423 1527 1681 1688 1739 2047 
384 729 855 1033 1265 1418 1629 1690 
176 789 841 935 1180 1185 1386 1761 
36 148 263 384 825 1110 1584 1976 
531 798 895 1248 1548 1567 1794 1944 
23 318 422 757 1490 1598 1882 1999 
182 402 416 669 927 974 1870 1995 
320 402 579 651 700 1040 1154 1259 
45 534 587 674 920 1181 1686 1961 
187 435 804 943 1174 1639 1841 1962 
901 1000 1190 1401 1468 1777 1948 2000 
673 886 1003 1152 1494 1899 1975 2022 
341 688 796 848 1153 1195 1836 1902 
319 445 584 599 1271 1507 1887 1995 
324 581 622 1034 1425 1724 1725 1955 
118 791 835 1339 1439 1658 1674 1759 
185 535 655 725 738 1245 1517 1621 
407 514 728 1061 1077 1098 1312 1616 
736 828 1263 1285 1336 1532 1538 2042 
900 954 1039 1483 1499 1713 1930 1953 
259 283 772 844 919 1000 1376 1888 
155 161 416 569 759 1452 1483 1951 
190 269 684 955 1319 1437 1702 1726 
380 403 458 530 610 745 1294 1335 
215 229 302 595 892 1344 1454 1667 
254 563 586 873 1134 1196 1569 1950 
69 342 772 794 1449 1809 1908 1965 
15 55 688 756 1023 1478 1562 1685 
246 381 504 554 1299 1487 1813 1868 
196 406 423 487 976 1281 1553 1973 
313 412 522 920 1190 1555 1760 2028 
6 29 370 396 734 1743 1925 1962 
315 389 665 693 1279 1335 1553 1866 
885 906 908 1179 1654 1854 1928 1983 
4 92 201 540 1126 1244 1769 1921 
14 610 926 1481 1525 1565 1654 1677 
433 473 1211 1269 1595 1708 1731 1984 
298 299 493 783 1233 1546 1600 1630 
351 913 1146 1204 1218 1625 1963 2031 
644 841 925 948 1240 1301 1784 1918 
164 210 381 571 734 1672 1913 1975 
542 632 723 891 1134 1270 1570 1787 
36 83 498 648 655 1354 1532 1863 
165 187 990 1065 1081 1131 1619 1824 
54 138 146 435 803 1022 1579 1748 
39 862 914 1591 1699 1838 1967 2029 
50 304 341 516 650 972 1826 1834 
100 443 553 945 1198 1358 1620 1781 
889 1118 1121 1203 1389 1612 1787 1900 
619 799 877 1153 1395 1530 1958 2046 
151 275 464 930 1006 1649 1850 1953 
397 777 840 1485 1540 1650 1719 2024 
562 728 1057 1086 1434 1573 1681 1714 
160 313 969 997 1313 1355 1378 1743 
679 824 840 841 1051 1351 1375 1838 
69 330 418 815 953 1079 1527 1834 
237 257 507 903 904 910 1132 1539 
44 716 953 1245 1712 1945 1962 2003 
259 589 640 867 1130 1314 1636 1710 
525 567 669 1193 1374 1809 1835 1881 
278 516 619 716 829 1068 1163 1435 
38 698 1267 1293 1528 1530 1622 1784 
5 156 303 447 457 1008 1434 1919 
72 365 744 750 1043 1049 1455 1755 
35 151 325 1068 1097 1563 1593 1642 
117 497 519 784 920 939 1510 2039 
125 166 815 856 936 1087 1272 1995 
91 178 455 594 1137 1223 1292 1787 
271 643 1001 1105 1222 1300 1491 1841 
324 451 456 536 697 1594 1758 1848 
473 712 964 1023 1260 1273 1942 1993 
547 662 849 1213 1273 1405 1591 1905 
436 483 554 885 1040 1163 1611 1897 
18 586 770 904 914 1731 1736 1804 
548 655 827 1050 1111 1453 1643 2035 
163 397 762 1053 1282 1426 1571 1672 
253 654 967 1283 1381 1433 1585 1824 
24 192 277 577 609 751 1123 1486 
29 144 201 275 808 942 1696 1856 
199 246 786 1008 1047 1048 1579 1729 
214 465 619 758 1264 1354 1725 2045 
104 450 638 735 1118 1348 1411 1998 
3 41 323 807 1503 1519 1525 1798 
576 892 970 1409 1556 2045 
208 667 1270 1442 1615 1666 1675 1762 
10 354 370 410 942 1717 1752 1865 
242 378 1229 1427 1602 1711 1733 1785 
203 327 962 963 1735 1760 1795 1924 
48 700 1030 1450 1558 1580 1647 1736 
691 745 1046 1090 1497 1568 1746 2032 
262 368 854 857 1216 1362 1648 1852 
634 845 968 969 1075 1692 1806 2007 
523 603 620 667 766 959 1191 1271 
351 463 511 639 881 1361 1543 1990 
162 170 614 706 991 1394 1784 1938 
334 428 487 522 543 1347 1565 1654 
199 286 535 1141 1253 1377 1410 1677 
132 1005 1054 1066 1240 1461 1555 1892 
227 544 605 738 1323 1565 1915 1975 
683 723 741 791 984 1250 1305 2016 
52 257 438 781 1352 1828 1859 1944 
182 194 377 639 866 1177 1450 1902 
610 804 942 989 1481 1563 1816 1943 
563 737 1076 1190 1230 1247 1634 1641 
253 445 472 644 744 1167 1588 1712 
427 752 812 1054 1125 1546 1684 1724 
183 729 755 822 879 1466 1694 1732 
580 915 959 995 1140 1179 1642 1726 
395 559 824 1013 1163 1265 1723 1746 
92 104 139 747 931 1070 1557 1928 
79 158 292 938 966 1128 1267 1734 
102 138 946 1042 1051 1276 1412 1979 
94 111 301 526 608 651 955 1625 
189 255 280 288 893 954 1058 1943 
70 116 1222 1226 1236 1498 1622 1971 
1 168 470 925 1117 1815 1844 1988 
214 428 605 837 954 1115 1263 1268 
177 188 674 927 1481 1500 1518 1663 
285 406 585 1051 1184 1477 1575 2013 
279 567 1086 1248 1271 1390 1542 1779 
47 57 172 299 301 647 1079 2036 
18 138 384 835 1354 1513 1559 1938 
706 757 923 958 1702 1704 1750 1925 
701 806 841 1049 1069 1308 1331 1427 
319 329 1073 1344 1523 1586 1789 1855 
216 364 427 680 1171 1384 1528 1845 
44 1105 1234 1262 1424 1934 1948 2000 
244 692 712 1334 1763 1783 1898 2002 
581 697 1136 1438 1531 1580 1766 1959 
169 183 975 985 1017 1259 1333 1860 
237 283 561 1015 1424 1543 1656 2020 
24 272 297 724 876 1115 1187 1403 
702 765 767 916 1320 1327 1562 1746 
269 719 720 776 981 1521 1543 1726 
144 166 1174 1349 1444 1582 1595 2020 
484 889 1391 1508 1699 1920 1923 1966 
699 1113 1349 1515 1896 1908 1967 2012 
547 1026 1177 1474 1488 1531 1937 1941 
37 236 414 453 606 1142 1578 1964 
108 1238 1399 1568 1589 1765 1878 1939 
61 122 160 537 708 1209 1865 2017 
764 862 925 988 1083 1143 1574 1905 
248 362 510 604 810 1323 1502 1628 
23 353 597 1336 1357 1368 1398 1407 
279 725 1030 1159 1253 1277 1640 2010 
383 558 744 800 1225 1798 1803 1828 
555 828 833 1080 1425 1477 1488 1500 
142 449 479 761 965 1173 1518 1689 
142 327 400 476 546 572 1285 1458 
206 213 245 348 360 475 533 827 
358 723 765 766 859 1267 1326 1344 
72 285 477 708 1211 1297 1591 1994 
237 451 481 592 1188 1599 1624 1972 
51 227 251 357 630 730 909 999 
243 300 541 624 650 1098 1255 1614 
143 184 493 754 1035 1322 1542 2044 
1231 1356 1560 1623 1740 1905 1987 2040 
78 441 899 930 1038 1312 1618 1734 
85 636 727 739 781 1045 1200 1443 
350 434 494 1284 1382 1497 1517 1729 
374 384 539 1223 1484 1546 1625 1922 
46 420 495 561 687 1231 1575 1818 
410 553 1339 1366 1651 1688 
153 172 600 724 831 1067 1109 1262 
270 336 687 722 793 817 1034 1557 
822 989 1216 1428 1447 1719 1741 1812 
123 401 419 513 583 933 1018 1080 
711 753 856 1092 1459 1679 1858 1996 
18 475 562 1062 1216 1474 1661 1880 
113 809 870 1102 1453 1454 1632 2007 
52 103 130 558 1358 1675 1690 1729 
796 1116 1318 1335 1384 1433 1614 1626 
137 209 440 463 762 1026 1107 1896 
176 387 442 1201 1287 1490 1979 2006 
440 504 682 894 1001 1080 1438 1832 
195 467 644 1017 1092 1709 1791 1865 
50 602 956 961 993 1324 1333 1586 
173 596 597 669 807 1718 1773 1933 
173 752 930 1307 1829 1840 1863 1886 
37 186 534 542 862 872 1023 1514 
114 618 657 733 841 1024 1843 1879 
99 165 202 332 750 1025 1564 1893 
33 603 960 1031 1516 1519 1635 1901 
14 71 157 737 933 1053 1527 1821 
238 533 757 759 806 941 1471 1473 
159 263 360 574 625 1109 1420 2038 
186 339 395 954 1254 1306 1598 1635 
1 275 575 869 1547 1698 2022 2027 
55 338 561 568 593 1167 1371 1964 
12 56 189 772 793 1484 1668 1922 
177 325 467 492 526 1131 1837 1860 
124 273 814 904 1051 1586 1680 1867 
29 39 198 270 729 1154 1252 1429 
786 896 1088 1317 1473 1561 1582 1733 
113 131 209 497 1000 1027 1226 1980 
62 361 439 460 654 931 976 1951 
290 314 842 1200 1599 1748 1817 2031 
556 612 630 935 1353 1397 1735 1949 
404 763 1133 1139 1221 1538 1704 1730 
281 331 352 688 1275 1634 1907 1935 
72 233 530 852 1223 1469 1781 1806 
599 716 940 1234 1256 1291 1301 1903 
1028 1399 1471 1472 1543 1666 1876 1883 
120 480 600 752 992 1031 1309 2013 
116 118 122 305 891 1404 1423 1523 
295 707 760 777 1285 1406 1592 1781 
69 128 332 780 831 1168 1337 1904 
31 240 732 969 1880 1920 1934 2026 
65 528 590 646 719 731 843 926 
230 262 269 668 753 1186 1397 1414 
661 727 928 1631 1655 1827 1946 2017 
66 234 450 1227 1450 1457 1842 2043 
46 250 915 938 1095 1412 1779 1848 
362 789 801 1110 1183 1872 1952 1976 
206 566 623 747 770 842 880 935 
455 959 1157 1187 1308 1613 1662 1913 
487 646 1104 1197 1263 1622 1998 2030 
24 338 695 833 1044 1095 1503 1805 
106 200 213 515 1077 1302 1592 2035 
32 328 392 983 1087 1354 1772 1801 
81 487 902 1020 1316 1445 1561 1682 
277 553 638 658 1003 1283 1304 1981 
67 73 442 648 1226 1388 1552 1756 
530 590 780 1418 1665 1878 2022 2024 
649 656 1394 1663 1705 1712 1746 1772 
82 133 396 478 1250 1803 1956 1968 
611 719 735 1191 1495 1545 1712 1955 
314 773 944 1396 1492 1521 1673 1949 
57 354 795 818 986 1834 1869 1978 
115 124 172 701 722 1276 1369 1809 
258 357 725 1177 1325 1383 1835 2019 
91 240 474 1412 1637 1746 1836 1888 
52 71 125 204 320 765 832 1972 
319 504 669 912 1186 1200 1304 1420 
538 597 765 1559 1571 1605 1644 1880 
602 1064 1209 1444 1504 1646 1719 1991 
145 159 323 656 923 1266 1474 1644 
80 330 352 703 787 1424 1493 1906 
97 190 405 518 534 596 1040 1811 
30 375 749 966 1689 1774 1779 1891 
709 945 987 1134 1138 1536 1764 1871 
412 474 1214 1328 1457 1496 1703 1971 
88 511 595 732 971 1000 1135 1825 
536 560 714 950 1488 1729 1747 2045 
59 60 266 770 887 1154 1489 1659 
89 524 798 1510 1584 1760 1854 1917 
353 783 879 1089 1233 1346 1509 1763 
402 715 776 905 1189 1552 1584 1742 
833 998 1002 1026 1111 1637 1813 1906 
105 359 363 643 1011 1236 1618 1827 
156 631 1029 1071 1241 1558 1840 1987 
316 327 434 484 1364 1666 1705 1887 
242 545 1193 1220 1272 1679 1928 1982 
421 738 748 927 1242 1340 1404 1525 
500 517 772 803 921 957 1524 1935 
540 647 727 1380 1514 1806 1851 1958 
380 701 724 994 1089 1359 1389 1439 
194 202 280 415 749 1119 1285 1484 
120 214 834 1426 1786 1794 1831 1870 
112 258 663 1147 1163 1447 1896 1936 
26 109 382 476 602 1050 1310 1419 
176 306 564 667 746 842 1014 1096 
511 643 860 934 1103 1816 1842 1973 
31 128 423 743 1265 1561 1681 1829 
205 563 639 986 1648 1715 1873 1896 
38 151 256 399 659 1026 1468 1982 
185 452 502 1382 1872 1881 1898 1913 
25 158 167 672 1112 1247 1443 1749 
5 652 821 1691 1754 1938 1976 1982 
288 526 623 1446 1705 1733 1888 1942 
300 322 626 1495 1560 1637 1677 2012 
297 422 774 776 1127 1311 1414 1671 
81 474 483 515 646 1268 1602 1621 
184 584 742 835 1053 1349 1581 1803 
181 448 574 605 767 823 874 1737 
313 721 819 910 1290 1419 1458 1502 
369 1019 1333 1546 1557 1652 1879 2001 
24 273 312 324 472 973 1260 1396 
514 737 944 1060 1548 1708 1783 2001 
46 117 287 532 1182 1257 1365 1581 
21 747 993 1259 1504 1622 1776 1862 
28 65 538 589 742 1023 1338 2011 
326 794 943 1194 1245 1308 1829 1886 
179 316 438 660 1329 1384 1939 2047 
114 209 348 389 1172 1462 1532 1737 
21 305 394 657 928 1194 1554 1893 
298 768 815 910 929 1287 1460 1802 
212 676 1388 1610 1707 1731 1760 2009 
184 467 1076 1112 1364 1658 1915 1971 
44 63 141 184 256 1741 1841 2021 
152 174 186 360 785 1048 1639 2030 
174 352 1056 1143 1450 1826 1884 1986 
140 485 910 1254 1331 1446 1531 1550 
438 631 644 948 1153 1268 1349 1903 
292 297 702 1207 1291 1617 1965 1984 
299 705 712 820 1056 1077 1258 1569 
756 890 957 1039 1043 1341 1799 1823 
17 353 566 756 826 951 1085 1349 
73 138 373 499 736 1054 1511 1672 
137 467 1338 1607 1822 1966 1978 2006 
158 746 1047 1065 1132 1296 1403 1796 
1 805 938 1286 1584 1844 1939 1962 
165 292 396 779 976 1354 1373 1936 
395 570 654 681 957 1401 1793 1871 
212 261 611 662 730 964 1117 1911 
187 348 538 544 985 1370 1459 2046 
274 476 570 665 1060 1237 1354 1621 
213 255 493 580 1434 1818 1822 1968 
668 750 1069 1203 1341 1707 1729 2046 
179 661 889 1268 1566 1675 1904 1965 
48 80 206 211 408 1235 1411 1508 
344 468 571 585 1220 1273 1758 1951 
283 315 372 899 997 1041 1530 1664 
52 221 695 922 980 1313 1464 1917 
260 303 390 404 674 684 1970 2032 
108 262 294 717 987 1385 1549 1882 
272 302 342 952 1116 1365 1629 1802 
201 515 598 741 753 963 1317 1593 
596 617 637 794 936 1122 1155 1837 
255 346 478 846 1651 1699 1723 1849 
294 410 592 830 1009 1222 1912 1954 
229 358 496 719 1126 1303 1317 1396 
337 541 618 924 1550 1574 1659 1694 
323 531 606 734 800 817 1251 1290 
335 442 604 1350 1372 1499 1673 1767 
85 353 370 972 1068 1383 1582 2031 
169 449 730 1413 1482 1754 1934 1960 
107 339 637 666 996 1843 1963 2034 
57 558 713 1147 1445 1580 1601 1947 
158 171 349 775 945 1147 1175 1747 
16 216 359 622 1620 1657 1752 1771 
10 124 369 481 999 1184 1192 1381 
364 829 995 1046 1334 1392 1794 1874 
418 550 1020 1335 1465 1661 1707 1767 
339 407 428 720 833 1540 1697 1970 
41 674 799 942 1156 1437 1761 1981 
132 168 569 731 1261 1599 1772 1921 
164 358 489 816 1352 1446 1480 1526 
40 1097 1162 1227 1269 1782 1811 1957 
255 577 593 657 996 1206 1495 1606 
422 599 735 898 919 1081 1820 1985 
112 527 671 707 721 886 1173 1727 
64 98 158 171 196 781 1203 1550 
62 450 661 827 903 1430 1621 1963 
185 410 762 1024 1284 1619 1932 2008 
9 31 446 666 1248 1298 1614 1822 
149 406 717 982 996 1254 1296 2003 
216 221 443 638 1280 1625 1958 2017 
826 854 859 936 1100 1389 1464 2012 
28 443 541 952 994 1044 1832 1997 
247 649 659 1094 1209 1307 1383 2006 
649 1214 1406 1547 1749 1764 1786 1917 
436 636 799 853 1002 1927 1944 1978 
53 86 107 509 881 1184 1598 1716 
187 455 830 1096 1293 1347 1718 1746 
23 395 552 1060 1723 1737 1742 1802 
150 606 1288 1442 1552 1663 1681 1891 
67 437 611 1052 1183 1250 1300 1582 
64 195 203 653 836 855 925 961 
110 403 457 844 1172 1251 1406 1447 
40 604 617 795 1270 1330 1380 2041 
117 475 499 1101 1323 1668 1922 1946 
63 188 614 758 834 915 1491 1600 
58 515 762 820 1523 1692 1780 1788 
215 300 660 1020 1084 1823 1934 1965 
210 212 228 489 583 876 1192 1196 
103 856 955 1105 1138 1201 1475 1714 
27 219 224 338 588 806 1564 1766 
333 466 616 760 934 1053 1168 1559 
64 133 646 653 814 1211 1253 2006 
313 1391 1424 1426 1451 1504 1960 2009 
16 25 133 192 556 884 1022 1197 
71 213 635 766 1398 1635 1766 1940 
193 264 577 765 894 1414 1549 2015 
139 804 1155 1305 1324 1680 1847 1862 
659 680 765 927 956 1036 1558 1689 
130 234 772 1002 1136 1311 1620 1994 
161 218 583 697 761 965 1089 2002 
106 324 805 1045 1156 1269 1524 1647 
126 477 644 788 1139 1513 1771 1821 
109 242 646 818 1342 1501 
260 565 618 785 1179 1516 1535 1993 
102 160 359 680 791 1005 1063 1872 
13 134 513 569 797 922 1647 1847 
327 506 1046 1165 1207 1238 1606 1647 
317 726 819 963 1059 1328 1602 1732 
71 81 534 846 1182 1395 1489 1639 
480 990 1039 1083 1178 1376 1836 1988 
263 369 721 1823 1854 1937 2009 2036 
412 960 968 1046 1262 1372 1542 1879 
164 389 437 962 1270 1752 1946 1994 
106 118 359 1290 1339 1531 1877 2021 
288 312 1495 1700 1781 1819 2033 2039 
419 845 981 1396 1455 1839 1920 1950 
472 490 779 1221 1785 1792 1864 1872 
66 400 449 972 1112 1486 1563 1688 
113 267 560 733 979 1611 1660 1976 
883 1104 1233 1249 1341 1360 1486 1806 
48 407 982 1487 1512 1563 1594 1949 
243 545 853 998 1358 1517 1807 1910 
223 367 545 657 802 1306 1415 1715 
13 21 685 785 897 1039 1202 1280 
215 505 526 537 822 909 1421 1793 
652 801 1343 1449 1616 1753 1798 2007 
51 689 1013 1101 1177 1192 1235 1767 
180 330 343 681 984 1317 1697 1985 
42 874 1008 1055 1181 1186 1706 1881 
217 233 295 531 573 1087 1181 1612 
131 408 710 946 1151 1609 1705 1773 
405 586 752 1536 1537 1720 1728 1839 
393 555 601 1157 1161 1235 1775 1926 
60 458 773 1046 1148 1509 1634 1777 
16 870 1008 1208 1302 1339 1382 1618 
17 103 321 666 1479 1808 1858 1934 
57 58 345 514 633 691 807 1602 
83 340 716 801 1609 1643 1805 2011 
282 346 361 641 862 1464 1564 1954 
336 434 486 641 774 865 970 1447 
39 448 620 1036 1221 1401 1589 1841 
67 734 912 917 1281 1516 1870 2017 
266 316 439 763 799 1632 1686 1855 
53 366 368 394 1217 1234 1413 1824 
15 52 284 677 980 1277 1454 1801 
47 220 281 334 484 613 1478 1890 
557 729 997 1448 1506 1605 1694 1855 
28 78 477 508 575 694 1415 1419 
49 512 1336 1377 1586 1615 1695 1900 
66 335 653 895 956 1164 1597 1977 
76 993 1165 1314 1358 1487 1710 1846 
507 616 890 909 1081 1441 1536 2044 
95 174 235 285 387 1035 1141 1541 
59 406 493 593 926 1128 1443 1883 
264 539 544 576 713 755 908 1127 
297 444 497 537 1230 1241 1695 1698 
441 479 886 901 916 988 1470 1553 
226 289 385 450 513 692 1043 1160 
97 391 514 584 1586 1601 1668 1785 
240 774 801 855 1168 1243 1363 1499 
10 320 483 932 997 1119 1266 1834 
422 453 539 851 861 889 1058 1312 
160 583 676 848 931 1025 1029 1603 
77 96 386 830 861 867 1138 1233 
696 739 1158 1183 1330 1388 1869 1938 
192 509 683 1003 1011 1012 1074 1781 
53 163 172 393 506 1007 1687 1881 
21 143 314 494 505 1624 1756 1829 
48 99 335 428 519 850 1456 1496 
552 562 764 1061 1356 1599 2028 2042 
18 88 334 721 803 953 1065 1551 
213 1013 1087 1344 1421 1506 1923 2038 
0 98 207 326 760 816 1219 1764 
259 398 414 1239 1337 1424 1595 1673 
191 306 919 932 1053 1206 1471 1570 
0 308 352 445 782 824 1068 1770 
187 204 510 814 943 1583 1615 1952 
23 860 950 956 1145 1305 1544 1562 
3 41 391 748 1040 1524 1610 1813 
54 276 420 536 792 1158 1439 1673 
44 581 603 837 1010 1348 1899 2026 
2 169 300 587 932 1219 1377 1768 
159 309 378 389 496 1205 1893 1927 
81 503 649 753 775 1195 1727 1807 
44 61 280 322 736 859 1828 1992 
95 456 922 1145 1686 1885 1995 2004 
150 415 754 831 1165 1625 1827 1986 
49 329 338 398 401 1337 1764 2024 
64 209 652 813 1011 1361 1469 1538 
266 558 652 758 836 919 1033 1486 
208 440 448 709 861 1212 1223 1725 
74 86 152 291 581 718 1810 1912 
271 388 496 594 940 1285 1294 1358 
62 528 720 863 1025 1252 1346 1989 
27 34 428 536 1604 1693 1730 1785 
276 416 558 825 908 1491 1505 1756 
61 351 421 621 1006 1600 1730 1773 
392 1058 1113 1444 1466 1562 1675 1928 
28 128 225 566 888 963 1175 1569 
49 50 82 135 219 1198 1416 1529 
73 550 883 1041 1202 1664 1845 1855 
146 185 499 702 834 1116 1476 1833 
188 250 339 718 994 1684 1732 1862 
63 231 336 606 622 870 918 1778 
7 20 720 900 1315 1551 1671 1719 
280 284 951 1213 1385 1466 1645 1817 
203 242 306 399 532 594 1361 1402 
150 301 336 567 820 1220 1887 1947 
409 764 773 1106 1369 1388 1710 1871 
136 557 587 848 1059 1422 1821 1839 
463 492 905 1321 1394 1652 1660 1736 
193 345 691 836 926 1111 1542 1676 
342 712 1039 1061 1624 1810 1833 1911 
748 1085 1144 1183 1211 1569 1843 2000 
506 992 1080 1238 1597 1694 1814 1968 
864 1043 1049 1107 1365 1717 1891 1978 
356 626 855 1142 1206 1207 1638 1950 
22 581 813 884 1065 1101 1130 1163 
60 402 937 1242 1332 1348 1710 1873 
318 341 705 778 902 921 939 1353 
690 1054 1084 1526 1606 1889 1924 1960 
838 966 1023 1121 1703 1732 1854 1895 
268 645 709 1032 1327 1362 1447 1970 
415 677 852 1035 1745 1891 1914 1988 
128 351 572 619 922 1075 1196 1418 
211 343 538 628 871 958 1422 1782 
70 585 1226 1432 1454 1733 1751 1942 
19 85 347 425 1102 1146 1385 1685 
11 693 1023 1259 1564 1716 1914 2025 
181 418 617 900 910 1326 1556 1674 
17 126 517 1043 1505 1566 1619 1968 
195 305 740 886 1016 1033 1533 1609 
201 324 330 460 1037 1502 1715 1993 
25 49 717 840 883 1195 1387 1517 
113 242 599 937 996 1525 1553 1987 
193 384 433 549 1456 1575 1774 1861 
501 632 654 778 1325 1615 1955 1988 
162 293 836 947 1220 1246 1400 1889 
207 375 694 701 1070 1266 1744 2001 
323 694 879 1211 1679 1727 1823 1918 
111 332 381 866 1052 1237 1733 1859 
234 469 590 698 838 941 1271 1919 
58 122 127 328 1059 1263 1295 1676 
151 180 234 278 291 390 588 675 
246 836 1093 1096 1302 1439 1441 1992 
421 508 686 974 1221 1222 1472 1735 
317 535 670 1300 1940 1995 
281 1006 1070 1299 1463 1495 1825 1857 
69 398 459 648 787 928 1016 1449 
410 531 670 1169 1539 1630 1755 2030 
170 371 453 551 605 1089 1192 1199 
466 763 994 1169 1442 1548 1927 1957 
7 30 462 637 994 1237 1670 1820 
134 159 309 472 481 957 1284 1693 
471 486 514 687 1234 1640 1857 2047 
33 286 290 529 639 664 1378 1973 
273 390 707 980 1142 1552 1676 2022 
510 530 864 867 1050 1082 1430 1515 
35 102 417 439 1041 1417 1538 1626 
298 417 782 944 1133 1381 1662 1983 
41 58 123 162 430 964 1267 1533 
405 648 1180 1407 1427 1460 1536 1776 
363 488 525 634 905 988 1838 1959 
42 57 177 634 740 1249 1785 2040 
184 197 445 560 930 1045 1092 1279 
422 1317 1320 1396 1717 1814 1918 1976 
71 449 464 1485 1537 1734 1819 1950 
413 664 1094 1428 1530 1568 1584 1717 
174 340 581 694 714 1382 1644 1853 
423 1154 1362 1447 1455 1473 1494 1814 
156 200 260 1185 1296 1410 1567 1953 
446 645 810 845 1160 1485 1786 1810 
973 978 1102 1210 1428 1570 1702 1982 
43 633 929 1228 1337 1367 1431 1492 
589 803 1251 1432 1462 1521 1595 1926 
292 1081 1095 1281 1688 1738 1867 2020 
447 635 1451 1576 1637 1867 1912 1974 
904 932 1089 1265 1661 1690 1826 1969 
299 368 600 718 851 871 1258 1935 
93 176 445 609 994 1019 1571 1975 
166 199 219 842 1236 1320 1700 2034 
79 244 282 575 813 1734 1967 2010 
226 539 991 1269 1286 1288 1363 1628 
19 101 395 624 668 1306 1541 1780 
638 686 700 745 947 1014 1468 1645 
401 529 962 1030 1170 1182 1322 1817 
101 124 718 781 1610 1708 1875 1979 
586 693 778 1098 1240 1611 1622 1654 
99 874 1505 1653 1718 1830 1907 1923 
127 346 575 743 1256 1518 1778 1943 
929 991 1130 1645 1778 1815 1826 1914 
19 783 868 1080 1217 1259 1402 1969 
5 229 266 1098 1433 1680 1706 1772 
228 743 797 903 1517 1563 1583 1915 
78 828 1281 1307 1592 1650 1857 2028 
36 545 678 812 1064 1302 1359 1749 
182 523 912 1158 1538 1567 1656 1718 
75 552 1022 1403 1432 1509 1639 1885 
754 811 913 917 1079 1201 1541 1977 
29 187 647 742 757 959 1190 1510 
140 154 767 983 1501 1561 1810 1939 
65 421 849 975 1313 1621 1858 1939 
79 292 522 687 694 853 1534 1808 
167 302 446 573 1251 1428 1493 1763 
142 523 1242 1338 1579 1725 1754 2014 
33 429 682 731 1252 1366 1609 2007 
311 1113 1340 1373 1492 1596 1725 1935 
250 401 1094 1161 1304 1623 1662 1698 
9 194 252 436 681 889 1520 1678 
66 208 296 1088 1242 1284 1331 1711 
77 557 953 1260 1647 1664 1709 1941 
105 226 259 483 656 1014 1443 1666 
314 755 1105 1138 1249 1332 1841 1946 
220 379 577 681 1003 1202 1429 1453 
268 542 840 984 1083 1331 1815 1906 
37 482 623 665 980 1310 1572 1669 
66 508 509 702 1133 1292 1668 1806 
355 527 542 985 1277 1482 1684 1964 
206 425 446 1038 1200 1549 1973 2029 
305 395 615 1375 1378 1541 1661 1898 
272 277 365 792 1311 1454 1527 1937 
262 419 591 623 1537 1738 1910 2024 
288 298 307 373 651 1264 1634 1698 
87 778 982 1020 1069 1626 1859 1941 
337 696 702 823 975 1028 1477 1751 
394 522 548 805 1177 1576 1757 1900 
