2 68 72 89 137 148 165 225 
100 108 118 141 178 208 231 236 
5 31 61 101 138 182 215 237 
79 90 145 147 148 155 179 235 
1 18 87 104 201 219 
19 54 62 87 131 255 
98 114 146 156 159 164 205 226 
29 46 76 154 181 225 229 234 
13 17 170 178 191 192 205 219 
86 108 128 142 154 157 197 248 
20 31 73 98 102 214 244 251 
17 30 70 77 116 121 164 247 
57 61 111 175 218 234 237 245 
40 59 78 143 181 204 210 242 
80 84 138 161 181 198 216 217 
13 21 84 105 127 162 190 207 
66 71 105 106 142 149 161 237 
20 27 28 77 88 146 190 236 
20 38 97 133 140 158 208 228 
6 72 120 129 151 178 254 255 
12 56 96 103 129 173 233 236 
4 23 38 51 95 165 252 255 
8 75 90 104 139 200 209 214 
20 36 87 91 125 130 137 199 
4 45 53 91 133 168 238 255 
11 62 109 124 145 220 221 224 
11 129 136 172 192 193 224 233 
8 21 61 103 173 205 214 225 
73 75 80 81 89 110 160 169 
1 30 32 95 103 135 144 152 
38 84 86 112 126 142 156 163 
11 37 41 43 55 180 235 246 
66 87 90 99 144 206 232 253 
18 21 67 73 112 220 234 235 
9 43 130 151 200 217 226 244 
39 56 66 82 109 111 179 196 
7 51 60 126 215 221 230 238 
13 34 49 65 88 133 232 250 
71 88 105 151 188 191 194 243 
24 38 102 123 168 177 182 192 
27 64 90 95 97 129 145 160 
32 60 92 106 124 186 213 224 
0 28 50 76 106 135 150 180 
68 80 126 146 149 169 183 202 
0 31 43 52 127 130 187 213 
48 67 87 115 117 158 170 185 
0 5 27 48 50 155 175 177 
16 62 82 138 154 164 171 200 
45 46 74 96 158 170 181 245 
6 48 99 111 123 188 189 206 
134 135 145 164 172 176 225 236 
8 11 70 105 107 197 246 252 
30 37 127 149 175 200 238 239 
2 52 100 126 135 152 204 234 
28 34 136 147 218 223 
0 1 23 69 81 146 193 235 
41 52 65 72 77 117 125 154 
5 12 17 43 118 176 193 201 
3 20 93 152 241 242 248 250 
8 82 98 126 156 169 196 208 
52 85 116 148 213 251 253 254 
63 64 101 102 177 226 241 244 
10 63 93 95 115 147 231 248 
27 56 99 132 148 217 224 227 
19 92 123 196 210 228 
27 44 98 150 199 219 243 248 
8 44 83 131 185 217 
24 35 40 76 102 115 186 225 
15 17 26 71 121 223 242 246 
25 52 79 106 131 192 
18 41 92 139 210 227 232 234 
44 69 70 89 187 242 
30 35 60 122 140 153 155 169 
5 38 125 171 176 211 238 253 
63 74 91 103 133 219 237 254 
15 44 63 67 129 182 189 199 
10 43 78 83 145 174 177 240 
1 7 43 89 125 167 223 231 
16 32 41 94 156 203 216 252 
14 37 40 63 73 172 212 219 
17 31 85 133 134 139 184 227 
55 61 96 103 119 153 157 203 
88 93 185 188 202 203 
55 154 159 166 185 221 247 253 
2 21 30 73 160 161 169 229 
42 141 162 171 183 205 244 251 
45 49 66 149 168 179 
9 19 68 136 138 186 194 240 
122 132 142 172 185 239 
10 67 100 105 122 127 195 204 
56 63 68 92 122 135 172 191 
10 51 72 111 147 200 211 233 
14 42 78 106 162 164 209 223 
36 131 150 194 209 214 232 247 
2 75 163 166 179 180 194 196 
72 84 132 150 165 202 219 249 
21 48 111 115 116 143 189 212 
7 19 104 117 120 134 170 236 
45 74 107 145 154 170 245 249 
39 69 94 126 174 178 183 188 
13 32 50 140 216 232 246 249 
24 69 152 175 224 239 244 250 
0 36 58 134 136 161 179 226 
3 119 137 178 201 206 212 216 
10 27 94 156 163 167 201 253 
2 47 67 90 121 150 183 198 
3 7 14 36 76 97 118 243 
10 13 41 44 163 174 176 220 
62 93 113 119 183 222 242 249 
15 73 74 127 128 175 187 233 
76 80 81 97 119 162 183 250 
19 32 36 69 74 143 157 244 
50 68 94 111 161 171 192 207 
12 23 39 76 168 171 184 195 
7 32 112 151 163 166 188 207 
22 53 87 108 112 151 182 241 
0 47 116 132 160 198 222 223 
6 13 123 124 155 162 179 182 
26 30 35 186 215 235 240 243 
40 48 91 101 107 137 140 146 
4 54 58 64 82 101 110 222 
6 33 70 155 207 209 215 243 
12 14 58 60 143 184 190 195 
3 26 48 127 133 159 199 211 
92 95 119 122 141 161 173 180 
22 44 49 68 100 114 120 134 
29 46 70 99 157 166 
22 50 61 84 89 227 229 240 
7 24 46 57 98 153 177 202 
2 5 29 121 184 211 217 235 
61 88 114 143 172 204 221 228 
35 46 144 201 229 251 253 254 
26 62 89 106 122 144 215 232 
47 75 93 114 195 212 217 221 
26 60 75 123 157 187 202 248 
39 118 173 189 204 239 
3 42 77 85 139 149 226 230 
16 22 90 113 119 194 209 216 
16 41 50 92 107 166 
18 54 66 105 199 229 
4 9 39 45 54 135 146 173 
71 86 112 137 140 160 180 190 
8 25 34 71 128 174 190 230 
15 17 118 141 198 199 212 239 
37 82 109 116 117 120 152 158 
15 132 205 218 223 227 
77 125 144 165 197 208 210 226 
34 49 81 95 151 205 230 250 
59 115 124 128 174 189 228 230 
57 79 107 153 168 189 220 247 
5 14 129 201 206 208 229 238 
18 40 60 79 86 156 158 191 
16 28 59 109 124 147 165 208 
1 55 115 138 153 190 211 245 
29 53 97 118 130 192 224 227 
9 96 112 139 153 170 231 240 
37 42 79 110 142 181 186 230 
29 70 78 86 108 152 169 209 
4 12 33 54 99 143 188 220 
15 19 57 102 149 176 228 247 
77 113 117 139 165 200 
3 16 64 67 75 150 180 245 
24 40 59 88 101 159 187 248 
85 100 103 110 114 164 176 206 
28 31 35 36 85 113 124 178 
25 31 69 109 184 254 
38 45 49 55 203 210 239 254 
26 34 56 128 194 197 246 251 
35 74 85 174 193 196 216 225 
54 108 113 141 211 228 246 251 
34 98 155 185 186 203 222 241 
53 158 184 187 198 247 
1 14 42 47 101 104 222 243 
33 49 58 62 79 94 214 252 
25 42 100 104 175 182 191 252 
20 64 66 159 167 206 234 255 
6 18 39 78 96 114 121 123 
22 23 46 64 109 128 147 236 
25 120 160 168 196 213 221 250 
12 55 81 93 141 162 
24 56 72 80 86 140 218 249 
23 107 167 173 198 213 
59 91 96 132 240 245 
22 23 58 78 120 121 163 204 
33 65 80 117 125 130 167 203 
37 51 59 81 94 99 181 202 
29 65 82 142 159 171 193 207 
21 25 84 130 134 210 222 249 
52 102 108 116 137 191 213 215 
28 58 91 104 166 220 238 242 
4 6 138 144 167 207 252 255 
71 97 113 157 177 193 212 214 
