33 66 132 136 153 201 212 229
16 39 44 164 172 182 205 242
23 45 69 95 125 165 202 246
43 143 154 209 211 212 219 243
9 27 65 82 151 168
63 83 118 126 151 195
13 34 162 178 210 220 223 228
33 37 42 93 110 140 218 245
0 13 27 77 81 234 242 254
5 56 150 172 192 206 218 221
22 52 59 84 95 137 162 166
55 81 94 134 141 180 185 228
26 42 45 53 121 125 175 239
12 18 50 104 123 142 207 245
6 24 25 144 148 202 225 245
15 77 85 148 169 191 226 255
45 130 135 169 170 206 213 225
44 84 91 92 141 152 210 255
16 36 84 102 161 197 204 222
62 63 70 136 184 193 215 242
41 44 76 120 160 167 193 237
60 63 68 87 102 115 159 229
8 17 22 72 139 154 168 203
7 84 100 151 155 189 194 201
46 63 68 109 117 155 197 232
28 29 32 75 126 173 188 209
0 1 32 41 75 193 200 236
13 22 33 72 85 125 167 237
137 139 144 145 153 174 224 233
65 94 96 159 167 199 208 216
102 148 150 176 190 206 220 227
43 54 75 101 105 107 119 244
14 40 61 130 151 154 163 208
28 42 43 82 85 131 137 176
8 25 34 52 73 107 194 215
4 103 120 130 146 173 175 243
23 29 38 46 71 115 124 190
40 58 77 98 113 129 152 197
2 51 135 152 169 215 252 254
0 88 102 166 187 232 241 246
91 128 154 159 161 193 209 224
21 32 96 124 156 170 188 250
64 92 114 140 170 199 214 244
10 132 144 190 210 213 233 247
21 64 95 107 116 191 194 251
112 131 151 179 181 222 234 249
64 69 91 112 114 219 239 241
8 80 126 146 202 218 228 235
53 109 110 138 160 222 234 245
14 70 112 163 175 187 252 253
33 44 198 199 209 228 236 240
5 54 60 72 75 134 169 171
8 46 47 94 101 191 213 239
12 42 66 116 164 190 199 216
26 31 92 98 200 211
1 43 64 65 87 133 145 210
105 116 129 136 141 181 189 218
1 9 69 76 81 107 182 240
49 50 56 58 67 84 157 216
4 16 72 146 162 190 220 233
21 59 61 62 116 149 180 212
34 49 52 127 128 165 166 241
39 56 74 127 157 159 179 211
25 32 35 91 120 163 196 212
4 18 36 83 156 187
7 27 51 56 91 108 162 214
25 72 108 147 195 249
33 88 99 104 140 166 179 250
31 50 54 79 81 90 135 185
0 89 116 143 170 195
18 35 40 42 82 105 156 203
50 108 133 134 153 251
94 99 124 186 204 217 219 233
19 46 61 69 102 189 235 240
27 45 62 127 138 155 167 197
7 79 108 127 131 193 246 253
48 74 107 142 147 209 238 241
31 39 65 71 107 153 189 231
11 24 60 80 96 105 158 220
20 27 78 101 104 127 137 236
35 81 95 149 197 198 203 248
11 119 125 160 167 183 217 221
10 11 152 157 249 252
29 55 61 119 218 223 230 249
37 66 85 94 137 224 225 233
13 52 59 106 205 226 235 247
109 113 130 213 232 243
2 48 73 83 132 200 202 250
47 186 196 206 236 249
3 12 74 131 164 169 186 191
120 127 132 156 186 199 236 254
8 19 41 74 115 136 175 211
17 31 78 106 142 170 226 228
2 17 22 40 55 100 195 214
2 4 66 139 227 230 243 244
10 27 57 136 148 196 214 229
20 85 112 175 179 180 207 253
44 71 83 168 181 184 198 234
53 57 109 138 171 209 218 234
103 133 158 190 238 242 247 252
24 40 54 57 77 96 114 204
32 47 52 58 88 133 216 239
34 64 100 122 198 200 225 243
9 14 20 24 67 183 201 242
9 61 74 91 158 220 227 231
6 66 111 131 154 185 214 247
51 67 71 78 100 140 161 182
28 74 77 105 108 227 238 240
30 50 57 126 157 177 183 247
41 79 137 138 191 192 239 251
58 140 144 145 161 183 226 247
52 83 96 100 133 138 207 221
0 15 114 132 158 175 225 235
3 76 87 103 140 232 235 248
15 71 96 176 215 227 230 252
49 86 117 151 172 176 215 246
6 30 31 64 111 180 196 224
70 77 187 188 219 226 243 246
23 43 48 51 90 94 99 250
104 112 155 165 171 201 204 210
30 68 118 122 128 146 165 174
15 17 23 51 70 97 134 219
3 76 78 122 124 207 248 255
7 19 67 90 112 191 197 223
156 159 183 186 205 225 237 244
86 108 113 132 164 178 184 198
93 110 134 163 221 230
35 37 48 86 114 125 148 153
10 71 88 110 121 162 217 241
19 25 43 66 69 93 185 248
12 29 36 125 152 178 207 236
9 37 59 61 62 99 110 208
23 40 90 126 153 170 186 208
3 20 25 29 111 139 157 178
10 56 90 124 139 187 221 251
12 47 103 182 237 253
34 38 67 106 141 149 203 213
2 17 24 80 86 154 177 183
80 105 114 156 171 230
7 37 82 118 130 169
68 73 103 109 118 199 210 237
135 150 176 201 204 224 244 255
38 72 89 98 135 192 238 255
6 7 20 47 79 81 182 205
101 146 173 180 181 184 216 222
13 26 31 35 79 196
5 16 18 34 141 189 208 229
13 38 58 98 113 145 159 215
36 38 123 179 188 192 238 253
28 55 121 143 171 217 232 253
9 14 16 37 46 69 78 193
82 104 124 143 150 220 222 254
16 80 92 123 173 188 211 229
19 53 65 119 179 202 217 255
0 32 35 93 117 161 182 194
39 48 73 160 176 203 217 234
38 101 106 143 174 206 245 250
17 93 134 142 150 172 216 233
28 68 76 97 118 163 207 252
36 55 79 83 121 166 213 240
8 141 177 181 203 229
53 67 80 128 131 139 214 244
56 88 104 123 152 165 223 251
14 149 164 167 174 178 228 240
92 95 99 100 149 177 188 242
62 89 95 133 173 248
11 18 47 62 102 109 113 119
2 5 54 59 90 98 120 192
1 4 24 33 99 138 149 238
19 36 54 59 118 172 177 205
11 30 49 98 162 219 249 250
6 55 117 222 248 251
30 51 65 78 106 111 165 168
22 60 97 113 122 126 143 158
60 89 106 164 168 239 246 254
14 42 63 84 128 130 223 231
70 82 103 142 160 178 185 187
44 86 87 110 128 173 192 211
4 21 29 58 89 184 224 232
76 119 145 157 205 226
26 57 88 120 136 144 150 204
6 21 87 171 231 237
48 53 123 155 160 196
12 86 87 122 142 184 185 227
11 97 129 144 181 189 194 231
10 101 115 123 145 158 163 245
1 15 93 129 146 206 223 235
18 30 57 85 89 148 194 198
21 23 116 166 172 180 201 254
28 46 50 92 122 155 168 230
15 60 63 68 70 202 208 231
1 20 22 135 161 177 221 241
4 9 11 15 32 55 60 255