19 51 200 232 248 255 868 884 
62 199 261 409 523 677 787 879 
301 377 379 459 646 666 837 992 
103 275 432 498 509 655 777 965 
31 257 406 477 683 764 861 878 
105 149 212 317 468 633 658 944 
49 477 588 660 802 816 945 1009 
224 229 297 504 762 811 941 947 
118 129 161 188 427 660 793 888 
128 160 256 581 711 748 790 1012 
189 253 533 783 811 843 901 932 
81 415 437 466 590 597 743 804 
132 200 265 334 890 896 909 925 
213 377 439 449 872 932 934 936 
259 386 411 422 656 806 811 952 
30 172 525 567 577 783 926 958 
176 330 475 476 541 585 650 836 
33 282 383 506 542 577 589 597 
59 111 130 218 265 350 584 991 
51 74 225 241 315 339 576 951 
84 432 438 516 533 629 914 994 
64 93 223 328 378 547 741 896 
18 110 435 520 558 658 946 979 
67 120 254 392 738 793 1004 1023 
219 297 601 651 776 898 956 989 
29 79 151 175 293 598 665 689 
129 131 183 240 640 873 943 1008 
82 409 449 624 675 746 762 965 
124 228 306 320 765 882 951 989 
10 135 286 417 445 741 879 903 
14 333 344 680 693 694 741 886 
50 216 320 675 851 886 907 917 
228 285 324 404 497 526 697 883 
69 473 567 759 915 918 964 987 
38 98 195 691 752 863 891 980 
116 247 434 585 685 884 993 1021 
252 319 359 362 650 700 860 900 
144 228 279 319 577 656 905 913 
197 460 514 605 707 888 922 989 
43 47 122 253 441 474 546 667 
407 483 488 510 677 751 781 941 
64 162 224 282 370 792 801 1012 
427 635 636 661 675 742 752 847 
148 447 532 735 758 849 957 1002 
149 150 227 385 456 563 587 652 
32 296 387 397 557 566 603 739 
91 137 195 318 321 339 747 874 
94 255 260 289 550 681 780 840 
113 501 548 560 788 955 978 1021 
25 127 393 421 455 507 654 894 
189 270 279 316 367 369 438 590 
36 198 211 252 278 605 756 779 
168 487 511 587 642 892 994 1015 
260 374 399 509 714 873 896 966 
28 43 249 348 401 435 693 922 
2 41 346 360 407 503 583 632 
2 143 198 242 282 443 464 688 
341 373 401 504 536 737 845 859 
116 408 444 458 551 670 810 927 
16 101 121 469 646 651 785 803 
16 92 155 532 776 854 925 1014 
1 98 416 467 608 718 858 902 
21 85 171 367 424 478 715 866 
236 306 351 426 550 626 798 923 
3 56 180 349 447 641 666 743 
263 405 434 483 526 544 783 914 
118 307 412 677 766 848 978 984 
24 142 152 182 229 240 560 736 
270 295 424 608 657 686 719 788 
390 478 572 574 823 962 994 1012 
273 361 385 596 814 822 945 1022 
63 308 496 580 737 759 881 977 
29 220 364 506 696 717 840 864 
214 220 494 505 614 678 709 960 
112 228 231 274 299 544 607 668 
490 561 611 649 697 759 861 936 
61 130 143 573 662 722 768 857 
241 495 765 830 894 958 974 1022 
175 342 549 805 819 935 951 999 
63 90 144 421 521 850 900 973 
12 30 169 207 396 417 818 974 
74 76 100 111 290 428 486 941 
146 329 425 548 641 696 808 982 
17 41 183 196 221 255 278 801 
145 186 354 420 501 755 811 857 
7 61 234 328 770 826 930 955 
433 527 645 708 771 902 928 955 
39 147 315 371 655 695 939 983 
22 159 309 385 424 466 885 898 
372 417 576 593 742 769 952 973 
99 293 473 508 839 970 997 999 
80 145 277 379 434 719 764 910 
263 305 479 491 768 816 873 1013 
40 91 222 302 422 453 700 999 
45 174 226 263 678 695 987 991 
57 113 251 521 663 692 743 967 
63 99 251 620 763 772 824 869 
235 244 308 579 604 609 671 708 
91 395 609 758 783 890 946 990 
154 329 336 351 546 571 758 1011 
136 140 350 378 470 752 875 1004 
203 291 335 378 527 793 848 948 
4 11 45 299 449 688 713 870 
66 178 295 419 671 685 726 781 
202 370 523 644 778 785 808 824 
148 240 592 692 775 818 869 897 
139 397 418 810 819 875 977 983 
14 138 274 380 530 549 781 832 
24 136 392 569 722 774 959 995 
1 398 461 473 515 669 692 858 
30 31 132 630 772 847 859 974 
148 211 283 517 683 724 808 820 
307 316 333 402 406 629 775 1013 
130 256 401 406 703 768 950 982 
32 65 158 603 635 830 845 870 
73 167 303 392 509 556 948 949 
34 42 252 260 285 431 463 756 
17 136 168 287 670 698 708 839 
58 79 290 309 609 673 772 895 
73 159 218 277 491 534 847 855 
4 82 433 491 514 522 626 753 
131 196 214 392 397 413 568 704 
60 146 382 476 482 656 660 889 
168 299 300 303 609 686 831 893 
55 227 335 438 828 854 858 877 
266 384 394 597 609 637 807 950 
472 480 653 724 779 852 867 880 
47 108 160 199 655 785 830 883 
184 308 326 365 409 552 832 916 
131 176 287 498 568 586 609 798 
24 208 333 516 865 894 924 953 
8 507 528 709 749 756 896 960 
11 140 286 411 459 477 680 766 
20 38 150 401 534 824 845 989 
125 187 446 458 901 937 973 974 
53 247 384 439 484 510 621 648 
42 363 466 571 699 731 820 891 
1 166 220 376 498 647 938 968 
279 331 379 380 567 624 665 669 
288 337 350 372 555 586 676 765 
90 361 525 616 687 747 753 809 
52 422 607 631 653 822 916 1015 
66 131 197 211 254 755 850 920 
194 326 561 632 657 780 799 800 
164 208 269 332 592 628 738 799 
189 204 227 309 364 568 958 981 
176 322 448 599 600 919 963 983 
206 228 256 590 849 888 943 985 
42 278 526 584 587 666 748 810 
267 426 554 623 716 763 867 933 
16 94 116 460 529 617 730 821 
137 207 342 347 366 759 804 862 
33 62 114 124 453 480 552 677 
120 183 205 621 779 902 951 961 
242 492 538 647 685 881 923 1000 
36 200 206 521 537 723 774 989 
2 196 236 362 395 396 548 898 
364 412 517 563 628 636 730 866 
160 355 408 427 872 929 934 988 
45 81 399 558 662 702 803 932 
90 179 222 234 480 879 885 902 
362 595 620 635 654 694 761 771 
173 190 403 404 454 772 784 794 
138 175 352 414 866 879 964 991 
92 225 450 477 673 853 945 958 
37 56 115 136 215 986 
39 50 84 150 154 219 567 785 
103 210 457 613 661 692 971 977 
101 244 334 399 666 752 768 878 
165 184 328 442 757 836 877 884 
68 316 602 678 805 911 923 970 
12 263 311 340 382 500 521 1010 
66 309 345 461 583 647 703 971 
41 79 213 251 325 385 403 530 
75 321 418 516 770 949 
33 134 273 375 379 606 790 949 
6 135 226 415 512 628 689 863 
120 144 600 675 735 795 947 1002 
304 411 439 704 836 922 993 1013 
249 416 800 806 943 961 988 998 
61 65 112 291 331 443 555 721 
20 115 315 495 667 785 906 965 
187 582 723 814 877 920 951 952 
224 312 359 474 489 550 669 690 
60 497 542 555 883 904 958 1016 
17 212 323 657 793 820 830 976 
154 215 271 295 555 716 755 958 
118 171 203 291 298 470 519 818 
84 277 374 413 512 771 858 880 
60 310 316 541 549 566 643 1014 
59 128 191 549 608 667 754 942 
103 231 264 453 743 824 879 882 
58 122 604 694 728 791 916 985 
7 289 311 631 872 897 939 954 
169 194 227 296 372 423 507 995 
80 117 204 399 403 413 449 601 
169 190 275 465 510 647 719 726 
278 285 470 648 714 719 784 844 
140 488 651 686 760 875 899 960 
326 394 513 552 659 669 713 744 
277 288 408 642 752 826 901 974 
157 271 352 681 731 761 941 942 
3 96 221 343 356 440 493 526 
54 114 134 231 303 633 868 922 
130 156 308 367 492 774 829 933 
14 184 495 676 707 721 862 903 
52 80 121 234 243 251 315 589 
272 331 543 739 748 757 937 986 
210 440 496 534 702 733 936 1011 
20 38 48 400 482 492 848 853 
27 30 168 367 589 593 690 761 
16 484 550 832 838 860 917 918 
95 166 464 556 581 729 787 794 
128 213 365 394 484 494 789 1022 
81 101 112 374 472 809 831 861 
10 223 370 420 433 627 782 957 
97 193 250 317 740 865 882 886 
72 226 341 342 614 637 772 960 
70 233 546 555 731 760 831 1011 
9 42 250 300 390 487 812 835 
91 420 453 638 649 662 822 988 
13 310 573 591 669 730 778 932 
23 119 235 242 493 860 906 948 
11 164 183 378 515 600 837 861 
53 225 260 263 576 616 765 1008 
98 199 238 612 688 742 939 1011 
130 143 153 172 185 798 868 895 
51 199 402 542 643 812 826 863 
99 317 334 381 562 729 741 964 
5 65 70 293 355 465 479 488 
283 314 390 434 491 646 931 934 
109 147 267 328 431 472 636 679 
0 164 229 245 523 593 684 716 
8 280 367 495 596 602 627 819 
163 253 412 413 456 559 752 856 
81 383 410 446 601 715 848 874 
111 155 188 444 754 755 830 970 
27 200 383 526 553 801 846 1003 
107 140 285 292 315 528 751 909 
270 468 507 595 686 728 872 933 
108 525 563 596 651 681 907 914 
15 82 127 357 475 540 835 904 
12 87 237 294 338 540 703 966 
103 336 345 385 389 797 940 1016 
10 83 555 565 777 842 1017 1022 
120 215 324 622 698 733 854 900 
240 267 388 391 537 616 688 863 
55 145 472 663 671 855 919 955 
49 194 262 280 291 654 667 942 
299 481 539 575 610 634 763 774 
155 396 545 551 816 864 918 989 
55 105 210 417 782 786 860 870 
1 13 86 88 122 356 478 506 
75 102 215 415 568 700 812 838 
25 43 72 277 451 549 652 973 
147 158 191 292 494 639 830 835 
25 127 218 438 509 831 936 1004 
87 110 393 542 543 618 649 869 
12 243 357 360 450 639 779 974 
59 169 221 508 534 746 768 889 
26 114 132 429 442 749 796 950 
210 327 328 439 479 693 815 925 
39 180 273 296 330 664 670 684 
352 405 425 481 537 616 633 673 
133 144 333 490 550 674 688 809 
73 252 324 513 736 782 920 1014 
37 84 118 353 364 566 591 857 
181 278 285 319 428 575 611 715 
18 69 256 348 529 548 689 786 
38 292 393 559 750 885 922 983 
153 301 546 552 621 736 750 924 
139 174 313 346 460 714 730 959 
71 171 200 367 410 462 582 921 
88 408 584 593 714 823 912 1005 
241 257 321 372 425 610 656 809 
95 112 201 246 394 757 947 970 
28 113 216 653 784 790 871 918 
152 186 192 336 464 478 576 601 
11 50 71 161 314 325 391 414 
31 39 41 132 592 773 895 910 
58 292 358 381 430 604 684 705 
55 323 430 441 451 572 579 624 
78 287 308 689 777 820 876 1010 
0 96 100 174 279 419 565 761 
104 202 272 384 429 605 716 852 
36 76 202 471 530 531 727 1022 
55 280 282 347 518 564 887 973 
402 464 538 583 669 713 959 962 
36 191 379 446 518 663 816 861 
62 301 343 456 499 570 627 775 
44 142 186 661 743 815 844 909 
189 255 530 545 642 684 727 859 
53 54 109 516 797 826 909 980 
187 197 303 358 539 702 770 885 
195 463 510 544 634 678 908 926 
172 375 455 580 799 906 979 986 
54 174 179 192 254 369 638 901 
53 179 627 653 706 828 841 984 
64 249 294 390 578 758 824 990 
5 253 438 559 622 753 771 1023 
260 276 307 620 626 656 680 771 
20 73 432 482 521 590 699 954 
159 275 296 772 782 790 841 1020 
13 19 220 332 366 454 554 564 
102 185 268 459 499 556 707 939 
22 83 125 175 460 916 
206 275 529 530 539 595 611 745 
95 280 357 556 637 746 896 959 
40 101 348 732 808 821 979 1010 
10 210 243 416 448 518 733 943 
289 432 630 667 706 846 963 978 
192 398 412 624 767 783 857 954 
201 209 228 276 337 668 723 992 
134 241 324 389 404 513 650 884 
172 176 281 348 656 872 957 1014 
91 276 315 427 519 541 652 841 
13 185 338 370 460 510 634 797 
143 295 461 575 605 850 955 990 
43 293 383 506 533 682 746 764 
6 253 542 696 762 787 846 935 
63 163 354 588 745 919 937 1011 
54 66 141 310 327 397 421 641 
209 264 376 457 619 647 779 982 
147 199 476 492 720 779 903 997 
59 86 297 551 684 693 
86 442 488 581 640 707 940 944 
11 159 336 402 573 845 903 907 
45 238 365 512 600 699 719 909 
55 122 448 454 726 751 837 894 
230 340 391 497 531 882 981 1010 
129 133 165 182 321 486 895 948 
15 63 190 281 629 778 923 968 
204 242 343 441 463 716 771 921 
35 111 152 164 320 382 798 954 
2 58 95 176 221 405 468 806 
371 610 676 715 760 860 
79 212 327 595 626 673 821 909 
285 287 413 524 581 748 
51 248 612 684 707 770 856 1010 
85 86 96 545 638 673 862 876 
178 198 561 569 682 791 795 813 
104 153 193 334 447 513 644 978 
264 353 360 641 851 889 973 993 
40 234 279 354 428 582 885 911 
0 206 346 398 557 643 865 911 
32 203 310 515 708 723 740 917 
73 376 422 646 731 767 873 982 
273 288 534 817 905 912 945 1007 
176 259 349 386 435 540 705 796 
40 51 123 319 348 578 634 838 
34 119 297 445 567 828 833 867 
162 354 520 539 725 747 810 954 
58 351 358 474 502 633 819 913 
8 171 289 486 557 586 775 796 
78 151 351 500 760 908 995 1023 
231 238 240 311 327 475 543 548 
57 340 479 531 850 928 950 1019 
27 166 202 345 439 583 857 914 
168 238 523 553 648 837 853 963 
199 388 480 680 763 821 904 972 
445 534 574 735 812 859 948 979 
414 481 800 893 911 944 1000 1006 
44 123 188 369 594 671 689 866 
77 130 180 411 423 457 566 846 
75 601 658 668 773 792 832 925 
67 86 190 217 226 378 496 793 
146 169 523 554 559 836 956 990 
166 268 369 645 828 867 927 1022 
142 552 690 818 829 852 876 883 
48 150 271 634 710 826 887 899 
194 556 561 632 681 696 786 897 
366 629 704 729 827 877 919 928 
33 163 226 239 344 592 708 1008 
52 93 364 499 508 842 853 927 
21 88 127 307 696 787 870 915 
54 169 258 371 488 575 745 796 
113 281 323 377 400 485 537 880 
117 332 570 654 780 802 893 954 
124 232 322 569 619 781 927 1005 
29 106 366 527 700 737 953 1007 
198 229 245 553 617 648 860 1015 
34 153 241 462 722 775 795 975 
67 161 236 268 788 804 823 897 
135 178 347 375 517 539 734 997 
373 562 594 807 815 944 976 1009 
5 161 339 361 373 436 598 706 
185 355 362 465 655 702 997 1006 
84 251 267 370 630 734 753 920 
24 175 192 255 431 545 637 994 
14 151 533 602 612 693 754 856 
434 516 528 547 589 680 717 947 
246 269 399 873 908 1012 
59 184 310 318 469 524 761 807 
83 167 214 449 477 560 685 1014 
42 197 381 428 582 617 915 967 
103 258 452 486 754 826 975 994 
71 179 421 558 596 682 723 1013 
44 83 640 715 757 802 839 898 
74 208 452 483 524 531 603 636 
372 374 615 843 920 927 929 936 
3 352 385 420 639 721 836 956 
98 376 446 471 631 701 750 880 
81 391 453 475 560 807 838 842 
33 189 295 345 653 691 762 895 
90 120 163 387 701 740 827 889 
90 167 606 672 743 940 952 1008 
451 460 476 564 611 790 842 962 
8 108 191 368 370 636 763 1015 
180 252 261 401 626 750 811 1004 
371 422 629 782 839 886 931 964 
152 230 588 599 694 799 805 887 
2 161 357 407 564 926 
248 513 524 541 544 631 652 903 
8 125 154 331 627 794 814 908 
190 341 347 361 461 571 732 904 
299 395 596 661 717 791 813 847 
49 368 456 473 518 562 938 987 
44 191 207 251 324 536 740 892 
37 174 327 502 652 786 847 922 
67 247 430 596 836 855 867 925 
124 359 395 437 535 648 879 998 
39 237 284 463 739 780 788 943 
4 181 469 488 691 797 901 1019 
60 64 114 374 408 642 649 714 
68 125 273 294 302 659 834 910 
281 329 483 742 757 825 906 919 
212 436 499 585 789 825 
48 69 112 166 232 279 416 540 
7 189 543 610 868 886 912 967 
123 213 355 378 396 423 524 813 
23 210 305 314 551 875 944 1001 
0 40 89 141 179 402 630 658 
88 102 337 344 425 621 637 701 
63 69 133 151 172 517 528 643 
61 168 229 470 612 633 829 1004 
165 181 312 448 504 527 722 785 
82 186 212 230 276 419 738 998 
1 48 52 114 386 426 456 759 
195 235 342 455 484 554 584 844 
70 274 319 334 672 695 782 784 
75 164 207 248 268 541 822 975 
1 427 512 538 560 744 846 940 
77 122 217 262 598 966 
115 158 175 314 511 565 625 767 
85 154 266 485 499 558 677 795 
180 250 419 431 445 611 717 906 
28 36 220 286 339 728 999 1020 
92 177 186 196 563 625 972 978 
31 248 265 467 505 576 692 705 
4 134 239 266 536 757 874 906 
58 170 526 532 685 849 931 980 
107 208 244 273 310 446 612 817 
37 157 618 619 748 875 956 1006 
6 274 330 471 503 664 847 892 
44 116 289 404 443 553 679 834 
47 129 391 487 557 594 883 1019 
119 153 195 304 621 763 804 1013 
33 184 192 623 647 693 694 964 
26 133 297 725 841 856 937 986 
145 177 331 429 498 932 956 1000 
12 52 213 333 377 418 711 718 
83 192 237 245 636 859 890 891 
102 236 362 381 424 833 888 991 
286 312 529 683 705 713 723 831 
141 243 258 353 421 573 840 935 
89 156 178 261 441 589 774 775 
62 111 163 270 473 575 749 899 
89 104 244 452 467 502 754 852 
90 107 313 452 505 532 862 984 
155 360 471 540 567 578 610 825 
96 383 467 686 728 816 818 965 
35 124 225 537 706 887 899 986 
72 207 282 343 349 712 734 990 
17 156 257 397 406 689 809 1020 
205 337 433 489 545 797 953 955 
160 165 398 435 436 676 798 1017 
85 227 453 565 756 793 839 915 
325 346 412 470 547 678 963 972 
47 134 517 562 601 729 873 1007 
2 74 323 384 508 522 827 935 
57 292 639 773 794 832 884 907 
26 184 203 339 520 554 710 744 
46 97 102 217 340 849 858 1005 
45 46 147 298 786 816 886 992 
219 434 477 606 672 741 929 981 
18 23 49 159 204 699 705 730 
19 93 157 328 330 355 539 585 
179 366 395 481 623 709 791 946 
117 216 390 644 766 837 1003 1009 
6 37 57 356 653 687 868 911 
53 146 234 245 325 373 527 843 
7 75 97 606 751 822 975 1010 
9 294 522 583 620 976 
95 167 329 711 735 786 838 935 
57 87 128 217 247 339 372 496 
32 78 162 269 578 679 805 835 
12 144 284 356 414 430 851 932 
74 242 355 407 570 783 863 876 
92 363 400 515 611 712 897 905 
34 93 103 196 222 288 296 845 
76 272 335 375 380 513 586 903 
222 443 461 710 877 917 949 997 
62 162 237 293 354 490 796 846 
113 142 257 428 703 756 
197 302 329 334 522 569 758 848 
46 87 201 410 655 789 820 865 
29 70 99 137 165 201 268 745 
7 15 151 173 501 519 916 972 
41 160 249 404 430 717 725 952 
281 298 307 411 462 702 755 880 
10 62 70 104 462 645 812 976 
119 358 437 571 874 914 
13 134 232 444 465 682 751 792 
225 262 336 414 604 670 961 963 
40 110 559 594 768 770 820 995 
3 111 149 365 598 729 832 907 
121 149 266 595 618 728 924 983 
9 15 94 140 151 389 511 623 
249 499 590 641 674 732 834 1003 
133 143 283 440 476 664 931 1016 
76 117 138 149 259 437 545 616 
49 108 450 469 607 712 904 971 
3 233 284 392 508 620 713 722 
222 246 433 597 745 914 968 1006 
35 625 648 665 683 749 802 803 
133 141 309 405 525 603 727 962 
51 209 268 419 704 839 930 972 
462 487 493 517 698 804 811 908 
77 78 318 642 662 699 827 850 
23 29 350 483 572 668 833 941 
105 193 322 357 535 893 977 1004 
384 407 579 657 720 721 881 938 
306 327 452 459 465 540 831 940 
173 346 398 463 569 665 698 998 
209 219 613 766 788 829 855 878 
18 64 167 340 348 381 485 642 
8 233 254 275 359 443 478 556 
22 573 719 727 801 871 891 1002 
139 360 533 666 720 744 789 1007 
447 508 624 690 746 769 878 1000 
613 750 774 791 833 869 883 951 
27 234 246 332 487 930 934 961 
25 172 244 269 495 698 929 942 
6 43 305 344 411 418 441 650 
70 152 364 440 547 582 585 938 
270 784 813 852 876 996 
204 409 482 620 699 835 888 940 
15 280 344 480 527 574 739 1001 
18 139 188 190 290 311 535 880 
20 109 320 622 638 923 936 993 
181 220 625 665 776 801 946 1017 
67 100 177 307 649 672 710 835 
206 257 319 448 502 635 707 968 
72 158 186 283 492 621 861 1003 
146 148 209 235 393 736 
126 316 455 674 731 825 910 928 
97 290 455 574 718 781 792 871 
150 311 445 470 494 532 640 670 
119 183 405 421 618 631 687 871 
9 68 73 128 316 493 747 814 
205 223 271 380 525 543 732 834 
36 96 156 622 712 794 844 898 
45 50 65 120 384 615 674 726 
53 54 269 454 598 809 840 924 
243 398 496 817 823 850 876 966 
125 237 290 572 597 635 643 976 
28 106 246 287 474 734 773 864 
78 109 245 349 500 505 552 605 
182 304 409 542 777 977 984 1018 
140 194 514 520 560 591 795 1006 
174 466 520 690 787 935 967 985 
275 323 387 389 722 937 993 1015 
81 466 500 563 568 650 749 972 
56 300 329 777 894 920 938 985 
21 284 422 515 571 732 814 874 
30 65 254 256 305 584 627 949 
117 197 318 342 354 391 504 725 
125 135 244 373 536 694 802 985 
187 213 371 595 613 800 849 881 
181 235 321 322 353 608 664 810 
121 280 300 489 600 802 942 982 
123 126 131 148 259 522 710 764 
182 193 253 284 335 507 658 821 
47 78 218 577 685 703 781 854 
87 341 591 616 665 691 716 734 
15 31 89 181 430 523 815 840 
80 259 265 341 731 762 1000 1018 
35 94 219 360 574 637 672 987 
101 347 452 570 613 760 915 1001 
115 236 410 724 733 765 882 916 
221 226 284 369 489 787 949 992 
9 88 205 239 405 456 617 1019 
149 164 277 363 469 799 962 1002 
466 531 607 626 724 769 891 925 
362 420 443 572 670 803 865 965 
50 238 343 386 426 907 1009 1019 
116 180 196 304 711 898 902 918 
211 250 341 468 673 697 1005 1016 
20 224 353 376 521 659 930 1001 
109 301 314 462 493 557 758 1018 
11 60 115 206 325 404 1003 1014 
7 56 129 687 697 737 776 866 
116 162 485 697 924 988 1011 1012 
108 121 500 557 709 744 844 969 
28 105 123 511 576 778 828 944 
57 233 290 387 407 634 663 952 
94 590 662 705 721 878 918 924 
94 182 195 317 365 464 525 950 
23 166 187 205 242 302 529 992 
127 312 338 472 502 518 841 943 
170 269 281 393 586 817 963 999 
238 586 718 792 806 858 939 1018 
82 203 380 418 657 745 773 961 
72 177 272 676 733 777 1000 1020 
467 622 645 655 681 750 753 921 
291 322 562 566 614 720 744 934 
66 218 274 431 559 628 660 776 
0 72 274 294 326 761 813 957 
89 212 357 365 711 778 864 1009 
74 271 313 561 573 644 851 991 
83 173 363 448 604 856 
224 286 343 465 524 553 862 930 
32 239 351 382 500 724 900 957 
37 157 173 232 594 814 827 928 
137 187 373 387 619 630 708 926 
19 233 420 603 607 704 827 911 
0 27 106 262 358 458 498 695 
22 239 381 484 514 580 806 929 
17 89 266 450 569 599 650 834 
19 345 409 436 512 823 849 1007 
38 141 433 668 968 988 
26 135 223 426 565 614 805 964 
124 188 223 444 600 612 894 1017 
250 312 482 535 564 789 882 978 
48 49 214 408 548 735 748 988 
35 84 501 580 742 869 905 913 
209 215 320 515 615 675 881 923 
71 324 506 509 615 617 643 933 
303 382 553 784 825 969 985 996 
21 138 490 492 528 598 828 901 
376 390 431 578 592 660 740 790 
377 396 451 481 489 632 791 818 
110 216 322 429 450 474 769 834 
25 211 230 252 359 628 857 913 
56 59 99 100 261 336 585 710 
139 337 429 442 535 725 732 737 
118 333 435 572 599 682 691 904 
75 157 418 459 463 505 927 945 
30 60 298 480 677 687 864 965 
71 158 533 659 899 900 979 982 
146 193 198 221 345 878 931 987 
4 306 308 414 423 454 493 577 
194 215 288 318 435 597 700 910 
18 162 298 326 335 717 823 917 
92 267 291 346 489 519 630 657 
13 340 440 503 681 780 868 896 
21 61 97 410 584 606 613 739 
208 347 397 444 458 608 706 990 
21 102 145 260 473 485 969 1021 
52 98 106 377 416 594 890 968 
16 160 394 514 747 959 970 996 
156 471 484 536 603 672 824 1013 
46 79 287 496 566 602 632 762 
50 182 482 532 795 859 926 959 
93 137 388 511 641 962 971 980 
22 65 135 400 753 765 867 1020 
17 56 173 320 711 931 983 994 
26 450 558 755 870 889 971 1023 
4 68 326 437 640 905 991 1016 
171 503 519 737 756 804 833 996 
38 121 216 352 395 475 631 807 
107 266 379 413 580 724 843 960 
87 208 441 588 738 833 961 1021 
214 309 386 394 509 538 547 812 
156 447 486 638 649 751 797 900 
46 66 107 218 240 361 512 967 
99 428 476 506 638 709 749 887 
138 141 152 464 587 766 778 874 
191 490 580 623 644 659 664 893 
48 129 298 766 869 926 975 1008 
138 233 256 564 587 652 852 986 
44 153 607 632 671 676 808 912 
77 261 276 403 529 678 890 969 
178 231 325 406 436 581 813 815 
167 243 415 503 725 776 853 939 
19 137 361 680 855 866 981 1007 
106 338 497 599 671 674 726 792 
34 105 113 317 501 593 738 800 
261 305 403 608 615 679 736 770 
24 69 200 255 396 494 674 953 
6 9 147 258 386 760 841 877 
321 353 468 518 639 658 808 889 
5 16 68 165 283 366 380 429 
28 283 302 424 579 617 871 881 
86 236 331 375 393 437 490 862 
216 217 528 682 739 910 915 967 
123 127 183 663 794 815 950 1008 
29 106 112 318 389 570 574 579 
76 170 306 392 417 479 481 933 
39 262 304 606 662 789 871 892 
108 142 303 729 746 829 1005 1023 
155 222 239 263 388 582 733 919 
170 185 254 265 297 504 640 675 
98 250 293 469 623 712 727 767 
23 41 115 262 629 759 970 1018 
122 294 439 604 645 683 700 865 
71 185 270 272 335 468 516 565 
77 314 459 497 551 605 651 928 
132 349 352 403 458 478 695 805 
299 363 383 412 454 544 570 730 
47 440 635 734 741 798 807 1003 
235 415 461 522 535 551 666 938 
5 282 474 706 842 897 979 1009 
35 154 207 292 351 368 371 406 
114 198 313 458 610 615 659 912 
42 92 128 224 301 402 837 999 
170 301 400 687 695 848 934 1021 
22 43 64 227 686 800 801 851 
96 330 350 356 558 622 810 870 
91 145 359 445 457 701 803 887 
5 61 223 709 888 937 998 1006 
278 399 661 664 720 854 893 977 
95 126 289 457 679 773 843 913 
100 248 587 602 618 844 921 945 
34 68 204 446 491 507 618 625 
46 249 497 624 718 947 948 1002 
139 382 410 485 697 747 856 969 
104 425 455 588 712 960 984 996 
142 150 246 599 628 780 957 997 
79 105 132 205 311 593 696 912 
24 177 211 387 483 825 842 1012 
69 117 170 203 231 358 531 947 
323 442 510 568 625 668 754 895 
267 296 432 550 819 905 953 987 
330 338 537 578 583 644 966 980 
188 201 202 232 426 479 917 1002 
104 258 547 554 714 1001 1019 1023 
10 317 495 575 577 921 953 1005 
247 306 486 822 899 908 984 995 
14 368 467 505 688 691 796 971 
32 337 368 369 571 736 853 929 
143 201 368 475 543 639 803 829 
193 388 427 444 502 633 864 1016 
202 225 229 438 698 941 980 995 
27 88 107 305 471 660 921 975 
161 237 415 530 661 704 890 993 
100 136 389 519 806 884 956 966 
487 592 619 646 703 854 891 902 
85 338 549 619 713 769 851 863 
109 144 155 159 247 447 651 1017 
245 350 356 472 740 855 872 946 
219 265 363 388 504 875 946 1001 
67 241 457 520 563 720 843 1015 
26 76 148 295 416 417 503 645 
177 511 538 683 735 799 845 996 
82 93 171 498 501 591 727 1018 
77 304 491 536 726 769 838 992 
14 217 302 561 646 667 742 819 
3 126 272 276 514 538 589 885 
163 400 401 432 544 679 728 821 
312 342 344 349 374 817 933 998 
157 271 494 562 588 690 942 1020 
31 158 214 375 442 663 788 913 
286 449 541 591 715 718 930 1017 
259 313 419 424 581 702 817 1021 
119 131 136 178 257 313 840 969 
25 85 101 264 579 721 738 976 
97 118 258 288 425 436 602 692 
