7 11 26 32 38 45 50 55 
13 18 36 43 51 55 
6 8 17 24 26 27 55 63 
0 20 23 28 29 32 53 55 
0 6 16 22 23 58 
3 4 14 19 24 28 61 62 
17 32 34 35 49 60 
3 6 16 22 42 55 
11 19 29 31 47 51 52 62 
9 11 15 27 36 48 53 56 
1 7 26 31 43 49 50 53 
5 7 12 15 18 37 48 63 
19 20 28 39 41 50 56 61 
6 17 22 34 36 51 59 60 
5 23 24 33 37 48 50 57 
8 14 16 26 58 61 
0 8 13 16 21 22 25 59 
2 3 33 41 51 56 57 60 
2 8 15 25 40 50 57 60 
0 9 11 27 30 32 41 46 
5 13 14 22 38 47 56 63 
14 15 21 27 33 35 44 45 
9 23 30 39 45 58 
10 20 33 39 41 54 57 63 
3 16 22 37 43 44 
12 18 34 46 47 48 52 54 
18 21 29 35 46 47 52 62 
5 20 21 23 49 54 57 59 
7 17 19 26 34 37 44 54 
8 15 19 36 39 41 42 54 
4 5 17 18 30 40 54 57 
8 13 14 40 45 52 60 61 
0 18 35 42 46 50 51 59 
1 21 24 29 47 49 53 59 
7 10 12 19 34 37 44 49 
9 25 27 33 42 59 
2 4 25 39 44 46 49 55 
23 38 45 48 53 60 
5 13 27 31 34 43 47 62 
0 17 21 35 38 44 
3 4 6 7 25 42 43 46 
4 9 26 30 37 39 56 61 
11 12 14 16 24 32 
13 30 31 36 38 51 
11 28 35 38 42 43 52 58 
6 15 30 31 32 48 52 61 
2 4 9 24 25 40 45 56 
3 31 33 36 41 53 
