13 34 38 39 49 53 66 124 
12 69 90 95 97 107 122 126 
40 48 67 89 93 94 99 104 
2 14 32 43 85 116 
13 23 39 40 57 80 91 110 
8 16 42 86 88 112 123 127 
6 22 25 28 51 78 92 104 
45 54 58 60 81 100 107 111 
9 20 60 66 67 69 80 99 
3 35 77 84 91 99 122 126 
19 23 33 56 67 68 89 96 
4 6 7 24 32 65 103 118 
70 81 83 101 106 117 
18 31 39 53 86 88 97 109 
12 14 15 36 51 74 111 114 
17 23 26 36 45 104 110 111 
6 11 33 52 75 97 109 110 
9 80 92 95 96 111 117 125 
5 17 48 50 70 73 82 83 
4 28 57 63 87 93 97 125 
12 44 74 75 
13 45 63 65 89 92 116 119 
5 13 33 96 108 121 123 124 
18 32 35 73 75 96 115 117 
2 3 19 41 84 100 107 120 
10 24 33 40 50 80 87 119 
0 14 36 72 74 92 95 116 
4 12 32 54 56 68 78 116 
5 10 13 17 35 58 74 86 
29 54 62 63 84 90 94 99 
26 27 28 54 60 70 77 105 
11 21 87 91 95 120 
9 23 31 37 38 46 88 91 
31 59 108 117 120 122 
14 29 61 77 79 109 117 123 
6 8 17 18 27 62 78 114 
2 17 30 45 69 98 99 121 
1 36 46 81 86 98 113 124 
26 41 71 79 102 119 121 123 
31 38 49 59 60 64 76 115 
5 14 19 21 46 64 101 109 
15 28 31 56 78 105 
7 35 48 57 73 101 107 109 
1 39 42 49 51 67 106 108 
11 23 34 65 68 69 98 106 
5 9 37 42 59 76 90 91 
10 62 86 104 105 113 
0 21 52 56 75 87 93 100 
31 32 43 44 66 82 83 94 
16 35 50 54 83 89 103 120 
10 32 49 59 77 87 106 124 
7 9 10 41 66 71 102 104 
9 27 38 89 97 99 108 118 
26 44 88 97 98 111 112 118 
7 10 12 42 69 95 112 126 
18 20 25 38 71 101 110 112 
21 49 50 55 91 115 
8 16 37 73 104 106 115 123 
26 34 53 65 100 103 112 125 
0 1 2 15 46 53 74 127 
2 25 52 59 68 94 96 100 
7 15 19 20 25 58 92 120 
3 22 33 57 66 83 102 105 
6 22 24 37 67 71 101 126 
11 14 57 68 69 76 110 125 
8 42 50 58 61 68 
13 26 70 89 96 105 109 118 
34 42 43 44 52 93 102 124 
39 40 48 55 76 81 93 115 
16 46 64 77 85 114 
54 59 70 71 72 78 98 121 
4 5 23 62 63 93 110 116 
35 58 75 82 84 105 
1 7 48 50 53 62 74 76 
24 37 47 72 78 107 113 114 
27 39 47 82 87 101 106 125 
11 16 17 18 30 37 43 100 
3 29 48 49 53 77 85 113 
41 52 56 67 79 82 112 118 
3 21 30 38 55 58 60 84 
55 61 64 72 90 117 119 121 
16 40 44 47 61 64 90 122 
28 61 85 86 94 107 111 115 
1 4 11 15 45 60 73 90 
0 22 25 43 70 108 
15 20 27 30 76 79 84 121 
0 30 46 71 80 118 119 127 
3 21 25 63 81 85 98 103 
8 57 83 94 108 119 122 127 
19 22 29 63 66 116 120 122 
18 22 33 61 75 80 82 95 
30 44 45 47 51 65 123 124 
0 2 4 6 12 27 88 92 
29 40 43 56 64 85 88 125 
8 28 52 62 72 79 
1 19 29 65 72 73 79 81 
